OP779679.1	PGEN_.00g157790::Scaffold_07:13589676-13602155	83.735	166	26	1	633	798	1790	1626	3.01e-36	156
MZ758803.1	PGEN_.00g008080::Scaffold_01:20329294-20354610	76.699	309	70	2	529	836	4609	4302	1.65e-40	171
MW261575.1	PGEN_.00g266170::Scaffold_13:17750102-17762122	84.685	111	17	0	151	261	6048	6158	1.64e-22	111
MW261536.1	PGEN_.00g273210::Scaffold_13:37009153-37018750	83.938	193	31	0	1268	1460	8838	9030	6.86e-45	185
MW261535.1	PGEN_.00g202340::Scaffold_09:33241918-33252092	87.059	340	40	3	955	1292	8622	8959	8.67e-104	381
MW261529.1	PGEN_.00g119420::Scaffold_05:42393817-42400734	80.769	156	30	0	246	401	6752	6907	1.35e-26	122
MN275189.1	PGEN_.00g110580::Scaffold_05:16845633-16850667	88.785	107	12	0	16	122	288	394	2.79e-29	132
MH559334.1	PGEN_.00g216640::Scaffold_10:33366292-33373124	88.745	231	26	0	69	299	6128	6358	8.79e-75	283
MH392190.1	PGEN_.00g179560::Scaffold_08:30772088-30796826	77.737	548	114	8	625	1168	678	135	4.72e-88	329
AM876488.1	PGEN_.00g310760::Scaffold_15:35178817-35212030	87.662	154	17	2	394	545	21403	21556	5.13e-43	178
AM877100.1	PGEN_.00g037790::Scaffold_02:12667055-12668346	87.279	283	36	0	41	323	1291	1009	5.52e-87	324
AM877048.1	PGEN_.00g164170::Scaffold_07:31437886-31453210	85.517	145	21	0	225	369	11613	11757	2.76e-35	152
AM877044.1	PGEN_.00g196010::Scaffold_09:14152918-14162143	84.100	239	38	0	1	239	872	1110	3.59e-59	231
AM877448.1	PGEN_.00g016590::Scaffold_01:44345210-44369080	87.671	146	18	0	87	232	9029	9174	7.69e-41	171
AM876397.1	PGEN_.00g287540::Scaffold_14:26576836-26589906	87.050	139	18	0	50	188	10318	10180	5.73e-37	158
AM876952.1	PGEN_.00g016590::Scaffold_01:44345210-44369080	89.726	146	15	0	75	220	9029	9174	6.95e-46	187
AM876921.1	PGEN_.00g016590::Scaffold_01:44345210-44369080	89.726	146	15	0	72	217	9029	9174	6.67e-46	187
AM877332.1	PGEN_.00g289360::Scaffold_14:30442623-30446417	92.000	450	36	0	1	450	450	1	7.88e-180	632
AM877246.1	PGEN_.00g289360::Scaffold_14:30442623-30446417	85.217	460	66	2	189	647	1007	549	5.27e-132	473
AM876312.1	PGEN_.00g164170::Scaffold_07:31437886-31453210	86.207	145	20	0	222	366	11613	11757	5.26e-37	158
AM876309.1	PGEN_.00g310760::Scaffold_15:35178817-35212030	88.312	154	16	2	279	430	21403	21556	9.88e-45	183
AM876856.1	PGEN_.00g310760::Scaffold_15:35178817-35212030	88.312	154	16	2	410	561	21403	21556	9.59e-45	183
AM877583.1	PGEN_.00g001730::Scaffold_01:3585240-3594053	80.531	226	36	6	82	303	1	222	7.77e-40	167
AM877555.1	PGEN_.00g113030::Scaffold_05:24363331-24373795	75.325	231	51	5	37	264	4533	4760	2.09e-21	106
AM877200.1	PGEN_.00g167710::Scaffold_07:41025179-41033015	82.609	138	23	1	125	261	5526	5389	8.25e-26	121
AM877133.1	PGEN_.00g310760::Scaffold_15:35178817-35212030	87.662	154	17	2	401	552	21403	21556	4.99e-43	178
AM877547.1	PGEN_.00g016590::Scaffold_01:44345210-44369080	89.726	146	15	0	72	217	9029	9174	2.93e-46	187
AM877542.1	PGEN_.00g273210::Scaffold_13:37009153-37018750	82.902	193	33	0	111	303	8838	9030	5.89e-42	174
AM877479.1	PGEN_.00g040150::Scaffold_02:19277062-19281162	91.250	80	5	2	48	126	147	225	6.42e-22	108
AM873708.1	PGEN_.00g320350::Scaffold_16:12279612-12342154	84.762	105	14	2	1	104	3364	3261	7.99e-21	104
AM873665.1	PGEN_.00g213840::Scaffold_10:25697156-25703509	88.043	92	11	0	303	394	2477	2568	1.66e-22	110
AM875394.1	PGEN_.00g240950::Scaffold_11:47381208-47391142	85.976	164	22	1	1	163	7482	7645	5.14e-42	174
AM875383.1	PGEN_.00g298410::Scaffold_15:3561575-3576712	83.173	208	31	4	32	238	14921	15125	7.98e-46	187
AM874417.1	PGEN_.00g273210::Scaffold_13:37009153-37018750	82.828	198	33	1	6	203	8834	9030	1.45e-42	176
AM874395.1	PGEN_.00g083310::Scaffold_04:11731455-11748698	83.240	358	58	2	232	588	7842	7486	4.81e-88	327
AM872722.1	PGEN_.00g040150::Scaffold_02:19277062-19281162	91.250	80	5	2	34	112	147	225	5.74e-22	108
AM872668.1	PGEN_.00g083310::Scaffold_04:11731455-11748698	83.240	358	58	2	244	600	7842	7486	4.52e-88	327
AM872647.1	PGEN_.00g298410::Scaffold_15:3561575-3576712	82.775	209	30	5	297	503	14921	15125	2.81e-44	182
AM872633.1	PGEN_.00g310760::Scaffold_15:35178817-35212030	88.312	154	16	2	360	511	21403	21556	9.73e-45	183
AM872387.1	PGEN_.00g089370::Scaffold_04:27874757-27930228	78.780	410	66	18	66	463	2823	2423	2.14e-66	255
AM872343.1	PGEN_.00g119420::Scaffold_05:42393817-42400734	80.128	156	31	0	247	402	6752	6907	9.72e-25	117
AM875729.1	PGEN_.00g152520::Scaffold_06:60891790-60942793	87.778	90	11	0	283	372	6860	6771	2.18e-21	106
AM874742.1	PGEN_.00g310760::Scaffold_15:35178817-35212030	88.312	154	16	2	395	546	21403	21556	9.96e-45	183
AM875715.1	PGEN_.00g003630::Scaffold_01:9094056-9114982	91.803	122	10	0	327	448	20801	20922	6.02e-41	171
AM876110.1	PGEN_.00g023990::Scaffold_01:66219310-66228413	89.691	97	10	0	346	442	4858	4954	5.82e-27	124
AM876099.1	PGEN_.00g048720::Scaffold_02:43410947-43417430	83.648	159	25	1	1	158	117	275	1.04e-34	150
AM876064.1	PGEN_.00g233770::Scaffold_11:27658467-27661179	84.861	469	71	0	31	499	1658	1190	5.31e-132	473
AM876030.1	PGEN_.00g273210::Scaffold_13:37009153-37018750	84.393	173	27	0	2	174	8858	9030	6.72e-41	171
AM875304.1	PGEN_.00g119200::Scaffold_05:41854407-41873229	93.243	74	5	0	217	290	13547	13620	1.68e-22	110
AM875261.1	PGEN_.00g327640::Scaffold_17:127742-131821	84.615	104	16	0	118	221	1767	1664	7.18e-21	104
AM875244.1	PGEN_.00g159650::Scaffold_07:19196592-19228377	88.601	386	41	2	183	568	7443	7825	8.90e-130	466
AM874360.1	PGEN_.00g233610::Scaffold_11:27130927-27139133	90.437	481	45	1	1	480	2457	1977	2.17e-180	634
AM873273.1	PGEN_.00g323140::Scaffold_16:20475729-20496118	84.615	169	25	1	4	172	6019	5852	1.26e-39	167
AM874330.1	PGEN_.00g217090::Scaffold_10:34286256-34286918	78.551	345	72	2	221	564	662	319	1.71e-57	226
AM874319.1	PGEN_.00g274590::Scaffold_13:40864421-40867921	89.803	608	58	4	1	606	969	364	0.0	778
AM874316.1	PGEN_.00g196010::Scaffold_09:14152918-14162143	85.870	184	26	0	221	404	861	1044	2.16e-49	198
AM873233.1	PGEN_.00g200410::Scaffold_09:27910462-27920344	80.000	220	29	9	32	249	1016	1222	3.87e-34	148
AM873533.1	PGEN_.00g289370::Scaffold_14:30462031-30466364	90.000	140	12	2	2	139	140	1	7.43e-44	180
AM874595.1	PGEN_.00g310760::Scaffold_15:35178817-35212030	87.662	154	17	2	401	552	21403	21556	4.58e-43	178
AM876010.1	PGEN_.00g040150::Scaffold_02:19277062-19281162	91.250	80	5	2	30	108	147	225	6.17e-22	108
AM876004.1	PGEN_.00g007880::Scaffold_01:19800483-19804989	85.305	524	75	2	1	523	3984	4506	5.12e-152	540
AM875972.1	PGEN_.00g080200::Scaffold_04:4356663-4367937	83.036	224	35	3	345	565	11040	11263	9.79e-50	200
AM875658.1	PGEN_.00g229190::Scaffold_11:14149273-14156627	87.640	89	11	0	242	330	5894	5982	6.83e-21	104
AM875628.1	PGEN_.00g060220::Scaffold_03:6709059-6713056	82.123	358	64	0	2	359	379	22	6.29e-82	307
AM875598.1	PGEN_.00g074510::Scaffold_03:47251221-47258593	91.358	81	7	0	194	274	3931	4011	4.53e-23	111
AM875595.1	PGEN_.00g249590::Scaffold_12:20132034-20138219	84.874	119	17	1	34	151	3647	3529	2.56e-25	119
AM872912.1	PGEN_.00g052560::Scaffold_02:53790931-53801106	77.429	350	67	10	84	427	365	22	3.42e-49	198
AM872557.1	PGEN_.00g037790::Scaffold_02:12667055-12668346	87.279	283	36	0	48	330	1291	1009	5.58e-87	324
AM876253.1	PGEN_.00g040150::Scaffold_02:19277062-19281162	91.250	80	5	2	31	109	147	225	5.85e-22	108
AM873404.1	PGEN_.00g289360::Scaffold_14:30442623-30446417	91.486	552	45	1	1	550	608	57	0.0	758
AM874257.1	PGEN_.00g159650::Scaffold_07:19196592-19228377	90.756	357	31	2	155	509	7514	7870	3.86e-133	477
AM875186.1	PGEN_.00g233580::Scaffold_11:27099534-27108460	91.209	182	16	0	1	182	359	540	2.67e-64	248
AM875173.1	PGEN_.00g200100::Scaffold_09:26640175-26646505	80.000	170	30	4	58	225	3307	3474	1.73e-26	122
AM874594.1	PGEN_.00g049490::Scaffold_02:45287691-45295094	87.037	108	14	0	218	325	1	108	2.17e-26	122
AM874563.1	PGEN_.00g074510::Scaffold_03:47251221-47258593	91.358	81	7	0	192	272	3931	4011	4.36e-23	111
AM875533.1	PGEN_.00g317490::Scaffold_16:4754179-4764680	86.992	123	16	0	25	147	10501	10379	2.02e-31	139
AM875475.1	PGEN_.00g200100::Scaffold_09:26640175-26646505	80.000	170	30	4	58	225	3307	3474	2.07e-26	122
AM873753.1	PGEN_.00g181590::Scaffold_08:35878454-35884308	83.744	203	33	0	187	389	3838	4040	1.28e-47	193
AM876248.1	PGEN_.00g204100::Scaffold_09:38126164-38134407	87.191	445	57	0	1	445	1736	1292	5.40e-142	507
AM875070.1	PGEN_.00g289360::Scaffold_14:30442623-30446417	91.931	347	27	1	4	349	347	1	2.34e-135	484
AM875044.1	PGEN_.00g016590::Scaffold_01:44345210-44369080	89.726	146	15	0	53	198	9029	9174	8.23e-46	187
AM875039.1	PGEN_.00g196010::Scaffold_09:14152918-14162143	83.200	250	42	0	108	357	861	1110	9.30e-59	230
AM872814.1	PGEN_.00g016590::Scaffold_01:44345210-44369080	89.726	146	15	0	87	232	9029	9174	7.79e-46	187
AM872774.1	PGEN_.00g108980::Scaffold_05:12649858-12669220	88.669	353	40	0	11	363	3748	3396	3.13e-119	431
AM873368.1	PGEN_.00g289360::Scaffold_14:30442623-30446417	83.992	531	83	2	190	719	1007	478	4.48e-143	510
AM874839.1	PGEN_.00g016590::Scaffold_01:44345210-44369080	87.671	146	18	0	74	219	9029	9174	7.02e-41	171
AM874802.1	PGEN_.00g310760::Scaffold_15:35178817-35212030	88.312	154	16	2	390	541	21403	21556	9.65e-45	183
AM876725.1	PGEN_.00g052560::Scaffold_02:53790931-53801106	77.143	350	66	12	311	652	365	22	6.08e-47	191
AM873155.1	PGEN_.00g049490::Scaffold_02:45287691-45295094	86.667	105	14	0	1	105	4	108	9.77e-25	117
AM873140.1	PGEN_.00g007880::Scaffold_01:19800483-19804989	83.712	749	116	5	1	745	3560	4306	0.0	704
AM876686.1	PGEN_.00g019760::Scaffold_01:54091458-54107147	83.453	139	22	1	207	344	7080	7218	5.21e-28	128
AM873085.1	PGEN_.00g089370::Scaffold_04:27874757-27930228	78.167	600	102	23	3	593	3020	2441	2.57e-96	355
AM873060.1	PGEN_.00g045220::Scaffold_02:34076470-34082117	87.376	404	51	0	292	695	1130	727	3.42e-129	464
AM873054.1	PGEN_.00g346720::Scaffold_18:19831355-19837537	86.957	115	15	0	142	256	4547	4661	1.02e-28	130
AM874941.1	PGEN_.00g023990::Scaffold_01:66219310-66228413	89.691	97	10	0	303	399	4858	4954	6.37e-27	124
AM874933.1	PGEN_.00g233580::Scaffold_11:27099534-27108460	88.105	496	56	2	1	493	39	534	7.11e-166	586
JG392256.1	PGEN_.00g216640::Scaffold_10:33366292-33373124	88.085	235	28	0	388	622	6362	6128	2.15e-73	279
JG392255.1	PGEN_.00g310760::Scaffold_15:35178817-35212030	87.662	154	17	2	375	526	21403	21556	6.03e-43	178
JG392250.1	PGEN_.00g287540::Scaffold_14:26576836-26589906	87.770	139	17	0	296	434	10180	10318	1.36e-38	163
JG392244.1	PGEN_.00g289370::Scaffold_14:30462031-30466364	81.618	408	69	6	1	405	639	235	6.05e-90	333
JG392242.1	PGEN_.00g007880::Scaffold_01:19800483-19804989	86.721	369	49	0	155	523	3498	3866	3.35e-113	411
JG392240.1	PGEN_.00g007880::Scaffold_01:19800483-19804989	80.537	596	104	11	1	590	3820	4409	8.26e-125	449
JG392238.1	PGEN_.00g289360::Scaffold_14:30442623-30446417	89.062	192	20	1	175	366	1007	817	6.38e-61	237
JG392236.1	PGEN_.00g267120::Scaffold_13:20654763-20660704	77.926	376	77	5	1	373	5780	5408	7.03e-59	230
JG392233.1	PGEN_.00g216640::Scaffold_10:33366292-33373124	88.158	228	27	0	211	438	5326	5099	1.66e-71	272
JG392231.1	PGEN_.00g216640::Scaffold_10:33366292-33373124	89.316	234	25	0	284	517	5099	5332	3.50e-78	294
JG392224.1	PGEN_.00g289370::Scaffold_14:30462031-30466364	81.956	593	101	6	1	590	683	94	2.85e-139	497
JG392156.1	PGEN_.00g287540::Scaffold_14:26576836-26589906	87.770	139	17	0	296	434	10180	10318	9.34e-39	163
JG392145.1	PGEN_.00g310760::Scaffold_15:35178817-35212030	87.662	154	17	2	377	528	21403	21556	4.51e-43	178
JG392140.1	PGEN_.00g224180::Scaffold_10:52432596-52435645	90.311	867	80	4	1	865	248	1112	0.0	1133
JG392135.1	PGEN_.00g007880::Scaffold_01:19800483-19804989	85.012	427	64	0	486	912	4297	3871	3.55e-120	435
JG392116.1	PGEN_.00g033270::Scaffold_01:89509716-89543234	83.673	147	24	0	372	518	17364	17510	2.02e-31	139
JG392114.1	PGEN_.00g216640::Scaffold_10:33366292-33373124	91.453	234	20	0	208	441	5332	5099	2.58e-86	322
JG392113.1	PGEN_.00g315270::Scaffold_15:46548801-46556062	81.330	466	85	2	285	749	2613	2149	7.36e-103	377
JG392105.1	PGEN_.00g007870::Scaffold_01:19789621-19794144	79.608	613	121	4	1	611	3882	4492	6.64e-121	436
JG392104.1	PGEN_.00g217090::Scaffold_10:34286256-34286918	78.841	345	71	2	277	620	662	319	5.62e-59	231
JG392100.1	PGEN_.00g289360::Scaffold_14:30442623-30446417	86.686	353	47	0	2	354	655	1007	1.25e-107	392
JG392329.1	PGEN_.00g289360::Scaffold_14:30442623-30446417	88.235	323	38	0	167	489	1007	685	5.88e-106	387
JG392316.1	PGEN_.00g094340::Scaffold_04:40754813-40759161	85.437	103	15	0	202	304	4236	4338	2.99e-22	108
JG392304.1	PGEN_.00g103530::Scaffold_04:64633352-64645834	85.417	192	28	0	233	424	5315	5506	8.44e-50	200
JG392291.1	PGEN_.00g315270::Scaffold_15:46548801-46556062	88.372	172	20	0	41	212	605	434	3.54e-52	207
JG392276.1	PGEN_.00g289360::Scaffold_14:30442623-30446417	89.894	188	19	0	181	368	1007	820	8.90e-63	243
JG392261.1	PGEN_.00g233770::Scaffold_11:27658467-27661179	84.022	557	89	0	46	602	1045	489	6.14e-151	536
JK983044.1	PGEN_.00g216640::Scaffold_10:33366292-33373124	88.312	231	27	0	49	279	6128	6358	3.83e-73	278
JK983042.1	PGEN_.00g229190::Scaffold_11:14149273-14156627	86.000	100	12	2	286	383	5894	5993	1.38e-21	106
JK983040.1	PGEN_.00g289370::Scaffold_14:30462031-30466364	91.941	273	22	0	162	434	1007	735	6.00e-105	383
JK983008.1	PGEN_.00g287490::Scaffold_14:26508876-26519620	83.051	118	18	2	20	136	10485	10369	1.39e-21	106
JK982975.1	PGEN_.00g083310::Scaffold_04:11731455-11748698	84.459	592	92	0	2	593	6174	6765	1.92e-166	588
JK982974.1	PGEN_.00g289370::Scaffold_14:30462031-30466364	81.878	607	104	6	33	636	36	639	1.10e-143	512
JK982951.1	PGEN_.00g274530::Scaffold_13:40767020-40771439	87.943	141	17	0	15	155	141	1	5.67e-40	167
JK982947.1	PGEN_.00g233610::Scaffold_11:27130927-27139133	86.391	507	69	0	1	507	2220	2726	1.42e-156	555
JK982927.1	PGEN_.00g217560::Scaffold_10:35609933-35610595	78.261	276	58	2	1	275	57	331	1.77e-42	176
JK983113.1	PGEN_.00g315270::Scaffold_15:46548801-46556062	87.791	172	21	0	44	215	605	434	1.63e-50	202
JK983107.1	PGEN_.00g202340::Scaffold_09:33241918-33252092	86.350	337	42	3	45	379	8622	8956	2.05e-99	364
JK983097.1	PGEN_.00g315270::Scaffold_15:46548801-46556062	80.622	418	79	2	3	419	2197	2613	1.58e-86	322
JK983086.1	PGEN_.00g216640::Scaffold_10:33366292-33373124	87.907	215	26	0	1	215	5103	5317	2.33e-66	254
JK983057.1	PGEN_.00g287540::Scaffold_14:26576836-26589906	87.770	139	17	0	246	384	10318	10180	1.36e-38	163
JK845897.1	PGEN_.00g052560::Scaffold_02:53790931-53801106	77.397	292	56	8	397	683	365	79	3.82e-39	165
JK845853.1	PGEN_.00g216640::Scaffold_10:33366292-33373124	87.554	233	29	0	50	282	6130	6362	5.49e-71	270
JK845844.1	PGEN_.00g133000::Scaffold_06:10182526-10182777	99.270	137	1	0	154	290	115	251	1.70e-64	248
JK845840.1	PGEN_.00g233770::Scaffold_11:27658467-27661179	90.461	304	29	0	95	398	1045	742	1.58e-110	401
JK729407.1	PGEN_.00g315270::Scaffold_15:46548801-46556062	84.828	145	22	0	174	318	602	458	6.14e-34	147
JK746442.1	PGEN_.00g216640::Scaffold_10:33366292-33373124	87.952	166	20	0	16	181	5099	5264	3.19e-49	196
JK746424.1	PGEN_.00g315270::Scaffold_15:46548801-46556062	87.407	135	17	0	8	142	471	605	5.56e-37	156
JK746380.1	PGEN_.00g274590::Scaffold_13:40864421-40867921	92.208	154	12	0	20	173	1549	1702	6.46e-56	219
MG872328.1	PGEN_.00g016590::Scaffold_01:44345210-44369080	89.041	146	16	0	97	242	9029	9174	4.50e-44	182
KX454489.1	PGEN_.00g216640::Scaffold_10:33366292-33373124	88.745	231	26	0	67	297	6128	6358	8.76e-75	283
KX454488.1	PGEN_.00g037790::Scaffold_02:12667055-12668346	87.633	283	35	0	66	348	1291	1009	1.81e-88	329
KX454487.1	PGEN_.00g040150::Scaffold_02:19277062-19281162	91.250	80	5	2	60	138	147	225	7.11e-22	108
EF520696.1	PGEN_.00g007870::Scaffold_01:19789621-19794144	81.092	476	88	2	373	847	3789	4263	1.56e-103	379
KP178957.1	PGEN_.00g089160::Scaffold_04:27250647-27328950	91.765	85	7	0	29	113	25267	25351	1.64e-25	119
GAEH01000007.1	PGEN_.00g040150::Scaffold_02:19277062-19281162	91.250	80	5	2	590	668	225	147	6.78e-22	108
GAEH01000025.1	PGEN_.00g233770::Scaffold_11:27658467-27661179	81.237	469	88	0	167	635	1658	1190	1.18e-103	379
GAEH01000028.1	PGEN_.00g007870::Scaffold_01:19789621-19794144	81.258	811	148	4	1	809	3715	4523	0.0	652
GAEH01000029.1	PGEN_.00g233770::Scaffold_11:27658467-27661179	85.403	459	67	0	1	459	1200	1658	3.53e-133	477
GAEH01000030.1	PGEN_.00g007880::Scaffold_01:19800483-19804989	84.771	545	81	2	1	544	4075	3532	9.27e-154	545
GAEH01000038.1	PGEN_.00g007880::Scaffold_01:19800483-19804989	85.080	563	82	2	3	564	3498	4059	4.45e-162	573
GAEH01000074.1	PGEN_.00g224180::Scaffold_10:52432596-52435645	89.152	507	52	3	6	510	1008	503	8.28e-179	628
GAEH01000078.1	PGEN_.00g196010::Scaffold_09:14152918-14162143	84.000	250	40	0	237	486	861	1110	6.20e-62	241
GAEH01000102.1	PGEN_.00g120660::Scaffold_05:45992491-45997468	78.571	280	54	5	166	442	3295	3019	4.87e-43	180
GAEH01000135.1	PGEN_.00g119420::Scaffold_05:42393817-42400734	80.769	156	30	0	366	521	6907	6752	2.90e-26	122
GAEH01000138.1	PGEN_.00g062820::Scaffold_03:13647076-13680568	80.628	191	25	12	307	490	25472	25657	3.34e-30	137
GAEH01000158.1	PGEN_.00g216640::Scaffold_10:33366292-33373124	89.270	233	25	0	532	764	6362	6130	2.11e-77	292
GAEH01000169.1	PGEN_.00g048720::Scaffold_02:43410947-43417430	83.271	269	45	0	64	332	6	274	3.71e-64	248
GAEH01000172.1	PGEN_.00g346720::Scaffold_18:19831355-19837537	86.957	115	15	0	243	357	4547	4661	1.27e-28	130
GAEH01000201.1	PGEN_.00g049490::Scaffold_02:45287691-45295094	87.963	108	13	0	518	625	108	1	6.68e-28	128
GAEH01000202.1	PGEN_.00g048700::Scaffold_02:43395821-43396090	85.938	256	34	2	70	324	258	4	3.58e-71	272
GAEH01000212.1	PGEN_.00g103530::Scaffold_04:64633352-64645834	85.903	227	32	0	525	751	1968	1742	2.34e-62	243
GAEH01000234.1	PGEN_.00g298410::Scaffold_15:3561575-3576712	83.732	209	28	6	918	1124	14921	15125	4.84e-47	193
GAEH01000261.1	PGEN_.00g016590::Scaffold_01:44345210-44369080	89.726	146	15	0	131	276	9029	9174	1.19e-45	187
GAEH01000366.1	PGEN_.00g287540::Scaffold_14:26576836-26589906	87.770	139	17	0	258	396	10318	10180	2.88e-38	163
GAEH01000417.1	PGEN_.00g080200::Scaffold_04:4356663-4367937	82.589	224	35	4	431	650	11040	11263	1.71e-47	195
GAEH01000426.1	PGEN_.00g119200::Scaffold_05:41854407-41873229	93.243	74	5	0	215	288	13547	13620	3.08e-22	110
GAEH01000437.1	PGEN_.00g164170::Scaffold_07:31437886-31453210	86.207	145	20	0	253	397	11613	11757	1.20e-36	158
GAEH01000474.1	PGEN_.00g037790::Scaffold_02:12667055-12668346	87.279	283	36	0	66	348	1291	1009	8.88e-87	324
GAEH01000475.1	PGEN_.00g271750::Scaffold_13:33186824-33200739	80.296	203	40	0	969	1171	812	610	3.36e-35	154
GAEH01000481.1	PGEN_.00g233610::Scaffold_11:27130927-27139133	90.168	834	82	0	599	1432	2810	1977	0.0	1086
GAEH01000534.1	PGEN_.00g048720::Scaffold_02:43410947-43417430	82.375	261	45	1	154	413	11	271	1.60e-57	226
GAEH01000557.1	PGEN_.00g214130::Scaffold_10:26465068-26472918	82.301	226	33	6	1385	1607	1	222	7.11e-46	189
GAEH01000587.1	PGEN_.00g273210::Scaffold_13:37009153-37018750	83.938	193	31	0	1316	1508	8838	9030	8.51e-45	185
GAEH01000596.1	PGEN_.00g237200::Scaffold_11:37439336-37444751	84.076	157	24	1	900	1055	3	159	2.17e-34	150
GAEH01000629.1	PGEN_.00g074510::Scaffold_03:47251221-47258593	91.358	81	7	0	215	295	3931	4011	6.19e-23	111
GAEH01000653.1	PGEN_.00g288850::Scaffold_14:29193837-29230220	81.871	171	30	1	796	965	190	20	4.91e-32	143
GAEH01000723.1	PGEN_.00g034340::Scaffold_02:3574122-3709463	88.889	99	11	0	8	106	131488	131390	5.67e-26	122
GAEH01000754.1	PGEN_.00g007880::Scaffold_01:19800483-19804989	83.019	424	70	2	56	478	4084	4506	1.77e-104	383
GAEH01000825.1	PGEN_.00g048720::Scaffold_02:43410947-43417430	83.200	250	42	0	459	708	250	1	1.55e-58	230
GAEH01000847.1	PGEN_.00g048070::Scaffold_02:41652121-41663543	80.100	201	38	2	796	995	4	203	7.54e-34	148
GAEH01000855.1	PGEN_.00g335450::Scaffold_17:25086507-25163010	85.859	99	14	0	600	698	46683	46585	3.67e-21	106
GAEH01000883.1	PGEN_.00g257110::Scaffold_12:43228351-43289671	74.564	287	62	8	1531	1807	57323	57608	1.38e-23	115
GAEH01000892.1	PGEN_.00g023990::Scaffold_01:66219310-66228413	83.000	200	34	0	990	1189	9103	8904	1.00e-43	182
GAEH01001034.1	PGEN_.00g233610::Scaffold_11:27130927-27139133	84.933	823	114	8	583	1404	2805	1992	0.0	824
GAEH01001035.1	PGEN_.00g300280::Scaffold_15:7871451-7887007	84.043	282	45	0	635	916	10642	10923	6.12e-71	272
GAEH01001047.1	PGEN_.00g033270::Scaffold_01:89509716-89543234	83.673	147	24	0	1468	1614	17364	17510	6.53e-31	139
GAEH01001050.1	PGEN_.00g252220::Scaffold_12:28667061-28687324	75.871	402	83	8	1290	1678	19863	20263	4.74e-47	193
GAEH01001057.1	PGEN_.00g170920::Scaffold_08:7407420-7484228	82.836	134	23	0	418	551	38148	38015	2.10e-25	121
GAEH01001066.1	PGEN_.00g185180::Scaffold_08:45106278-45108371	86.070	201	27	1	1152	1352	413	612	9.59e-54	215
GAEH01001073.1	PGEN_.00g185120::Scaffold_08:44924354-44952707	89.189	111	10	1	263	371	1816	1926	1.67e-30	137
GAEH01001234.1	PGEN_.00g190960::Scaffold_08:60901571-60916192	83.908	261	42	0	578	838	5222	4962	1.44e-64	250
GAEH01001266.1	PGEN_.00g143590::Scaffold_06:37456565-37504359	89.815	108	11	0	559	666	9270	9163	3.86e-31	139
GAEH01001341.1	PGEN_.00g070350::Scaffold_03:34295740-34304467	86.170	188	26	0	830	1017	8530	8717	1.22e-50	204
GAEH01001390.1	PGEN_.00g083310::Scaffold_04:11731455-11748698	85.868	651	89	1	380	1027	5939	6589	0.0	689
GAEH01001452.1	PGEN_.00g033260::Scaffold_01:89477440-89493698	77.642	246	51	3	293	536	14411	14654	1.48e-33	147
GAEH01001686.1	PGEN_.00g036470::Scaffold_02:8707214-8723507	75.901	444	77	14	269	702	2151	1728	1.08e-49	200
GAEH01001741.1	PGEN_.00g233770::Scaffold_11:27658467-27661179	94.444	360	20	0	1	360	586	227	1.22e-156	555
GAEH01001755.1	PGEN_.00g204100::Scaffold_09:38126164-38134407	86.806	144	16	2	1	144	1415	1275	4.14e-37	158
GAEH01001794.1	PGEN_.00g200410::Scaffold_09:27910462-27920344	80.000	220	27	10	97	312	1222	1016	6.80e-34	147
GAEH01001843.1	PGEN_.00g202340::Scaffold_09:33241918-33252092	87.059	340	40	3	629	966	8959	8622	1.04e-103	381
GAEH01001848.1	PGEN_.00g289360::Scaffold_14:30442623-30446417	91.758	1007	82	1	684	1689	1	1007	0.0	1399
GAEH01001868.1	PGEN_.00g315270::Scaffold_15:46548801-46556062	81.330	466	85	2	375	839	2149	2613	1.20e-102	377
GAEH01001875.1	PGEN_.00g233610::Scaffold_11:27130927-27139133	87.469	798	97	3	598	1392	2810	2013	0.0	917
GAEH01001877.1	PGEN_.00g097230::Scaffold_04:49124196-49233907	81.098	164	27	4	1190	1351	91790	91951	1.29e-27	128
GAEH01001883.1	PGEN_.00g251490::Scaffold_12:26532527-26551940	90.805	174	16	0	173	346	19413	19240	2.60e-59	233
GAEH01001895.1	PGEN_.00g061400::Scaffold_03:9920058-9941963	86.517	178	20	3	437	612	18193	18368	4.25e-47	193
GAEH01001900.1	PGEN_.00g323140::Scaffold_16:20475729-20496118	84.211	209	32	1	664	872	6059	5852	6.99e-50	202
GAEH01001906.1	PGEN_.00g007870::Scaffold_01:19789621-19794144	79.901	1010	197	6	109	1115	4522	3516	0.0	736
GAEH01001928.1	PGEN_.00g242420::Scaffold_12:162890-175075	75.598	418	86	9	525	926	9061	9478	3.99e-47	193
GAEH01001930.1	PGEN_.00g039300::Scaffold_02:16703395-16722042	86.364	110	15	0	24	133	5131	5022	1.92e-25	121
GAEH01001956.1	PGEN_.00g339830::Scaffold_18:2378072-2388007	86.029	136	18	1	877	1011	6774	6909	1.08e-32	145
GAEH01001964.1	PGEN_.00g217090::Scaffold_10:34286256-34286918	78.841	345	71	2	824	1167	319	662	7.97e-59	231
GAEH01001984.1	PGEN_.00g108980::Scaffold_05:12649858-12669220	88.385	353	41	0	40	392	3748	3396	3.28e-117	425
GAEH01002009.1	PGEN_.00g279440::Scaffold_14:7774211-7836452	86.869	99	12	1	1187	1284	11310	11212	3.64e-22	110
GAEH01002010.1	PGEN_.00g169090::Scaffold_08:1732528-1761417	91.525	118	10	0	731	848	17657	17774	2.76e-38	163
GAEH01002021.1	PGEN_.00g213840::Scaffold_10:25697156-25703509	88.043	92	11	0	899	990	2568	2477	3.59e-22	110
GAEH01002039.1	PGEN_.00g316800::Scaffold_16:2899045-2909248	84.868	152	22	1	412	563	3201	3051	5.71e-35	152
GAEH01002045.1	PGEN_.00g048560::Scaffold_02:43190346-43208963	89.744	273	26	2	93	364	273	2	6.77e-94	348
GAEH01002109.1	PGEN_.00g318770::Scaffold_16:8226145-8240852	81.429	140	26	0	679	818	13639	13778	7.17e-24	115
GAEH01002132.1	PGEN_.00g167710::Scaffold_07:41025179-41033015	82.836	134	22	1	90	222	5522	5389	5.46e-25	119
GAEH01002134.1	PGEN_.00g245530::Scaffold_12:8249714-8263815	98.361	61	1	0	222	282	2580	2640	1.18e-21	108
GAEH01002144.1	PGEN_.00g078040::Scaffold_03:56726784-56787647	84.825	257	39	0	955	1211	339	83	3.07e-67	259
GAEH01002189.1	PGEN_.00g149140::Scaffold_06:52263958-52278285	92.793	111	8	0	515	625	9418	9308	8.61e-38	161
GAEH01002221.1	PGEN_.00g254890::Scaffold_12:37743822-37787899	84.685	111	17	0	533	643	42170	42060	8.66e-23	111
GAEH01002244.1	PGEN_.00g340820::Scaffold_18:5020651-5031574	86.207	116	14	2	278	392	2997	3111	1.10e-26	124
GAEH01002328.1	PGEN_.00g159650::Scaffold_07:19196592-19228377	82.222	270	32	9	747	1003	7439	7705	4.67e-55	219
GAEH01002345.1	PGEN_.00g235430::Scaffold_11:31998477-32058151	90.361	166	16	0	755	920	10004	9839	4.66e-55	219
GAEH01002348.1	PGEN_.00g284740::Scaffold_14:21012924-21029244	77.096	489	107	5	449	934	6971	6485	7.39e-73	278
GAEH01002352.1	PGEN_.00g013380::Scaffold_01:34687119-34738449	89.956	229	22	1	223	450	40021	39793	7.48e-78	294
GAEH01002373.1	PGEN_.00g232500::Scaffold_11:24508165-24522347	94.382	89	5	0	652	740	6652	6564	1.32e-30	137
GAEH01002410.1	PGEN_.00g164770::Scaffold_07:32969499-32989042	89.815	108	9	2	914	1020	107	1	1.30e-30	137
GAEH01002448.1	PGEN_.00g116660::Scaffold_05:34125439-34140248	88.034	117	13	1	219	334	12990	13106	1.28e-30	137
GAEH01002523.1	PGEN_.00g048560::Scaffold_02:43190346-43208963	86.496	274	35	2	612	884	1	273	1.50e-79	300
GAEH01002533.1	PGEN_.00g317490::Scaffold_16:4754179-4764680	87.805	123	15	0	824	946	10379	10501	7.34e-33	145
GAEH01002565.1	PGEN_.00g186690::Scaffold_08:49053969-49058181	86.224	196	27	0	91	286	4212	4017	1.98e-53	213
GAEH01002654.1	PGEN_.00g197530::Scaffold_09:18712773-18728864	87.879	132	16	0	218	349	5831	5962	3.29e-36	156
GAEH01002687.1	PGEN_.00g240040::Scaffold_11:45194223-45208220	77.720	193	32	7	342	529	9435	9249	9.19e-22	108
GAEH01002724.1	PGEN_.00g262720::Scaffold_13:8106001-8208334	84.058	138	21	1	614	751	149	13	5.41e-29	132
GAEH01002803.1	PGEN_.00g104860::Scaffold_05:2780617-2796764	84.236	203	30	2	337	538	15416	15215	1.85e-48	196
GAEH01002834.1	PGEN_.00g179850::Scaffold_08:31710764-31743191	77.715	534	112	7	1	529	32425	31894	1.04e-85	320
GAEH01002864.1	PGEN_.00g192760::Scaffold_09:4024192-4060681	82.072	251	43	2	644	893	250	1	1.80e-53	213
GAEH01002920.1	PGEN_.00g217330::Scaffold_10:34967113-35038571	83.060	183	31	0	467	649	60828	61010	1.39e-39	167
GAEH01002952.1	PGEN_.00g063790::Scaffold_03:15979720-15998650	89.189	111	12	0	599	709	14071	14181	2.99e-31	139
GAEH01002971.1	PGEN_.00g114860::Scaffold_05:29450669-29459561	77.731	238	49	4	484	719	319	84	2.32e-32	143
GAEH01002983.1	PGEN_.00g243260::Scaffold_12:2316373-2344038	83.846	130	21	0	302	431	3792	3663	8.32e-27	124
GAEH01003022.1	PGEN_.00g159650::Scaffold_07:19196592-19228377	88.158	228	25	1	6	233	7670	7445	1.00e-70	270
GAEH01003058.1	PGEN_.00g280110::Scaffold_14:9571834-9640463	84.116	277	44	0	581	857	15957	15681	3.57e-70	268
GAEH01003155.1	PGEN_.00g157420::Scaffold_07:12638137-12638352	83.846	130	16	5	106	232	194	67	3.69e-25	119
GAEH01003280.1	PGEN_.00g134400::Scaffold_06:13548708-13578024	86.519	586	34	17	207	759	16516	15943	8.01e-171	603
GAEH01003306.1	PGEN_.00g002480::Scaffold_01:5933156-5984637	82.400	125	22	0	662	786	22342	22466	2.12e-22	110
GAEH01003346.1	PGEN_.00g181590::Scaffold_08:35878454-35884308	83.251	203	34	0	223	425	3838	4040	9.43e-46	187
GAEH01003389.1	PGEN_.00g145560::Scaffold_06:42477877-42504799	90.152	132	13	0	527	658	14042	14173	2.62e-41	172
GAEH01003482.1	PGEN_.00g174670::Scaffold_08:17971462-17990059	87.097	124	16	0	538	661	18474	18597	7.15e-32	141
GAEH01003504.1	PGEN_.00g063840::Scaffold_03:16072599-16096192	83.108	148	25	0	535	682	13018	13165	3.33e-30	135
GAEH01003602.1	PGEN_.00g048740::Scaffold_02:43425913-43435322	83.396	265	42	2	115	378	6	269	5.15e-63	244
GAEH01003609.1	PGEN_.00g048560::Scaffold_02:43190346-43208963	86.667	255	33	1	423	677	4	257	3.92e-74	281
GAEH01003660.1	PGEN_.00g094340::Scaffold_04:40754813-40759161	85.577	104	14	1	504	607	4236	4338	6.99e-22	108
GAEH01003693.1	PGEN_.00g301700::Scaffold_15:11739197-11747767	82.474	194	30	4	520	711	8352	8543	1.12e-39	167
GAEH01003731.1	PGEN_.00g312410::Scaffold_15:39316118-39322058	86.400	125	17	0	272	396	3884	4008	8.62e-31	137
GAEH01003813.1	PGEN_.00g233610::Scaffold_11:27130927-27139133	87.519	657	82	0	39	695	2010	2666	0.0	760
GAEH01003877.1	PGEN_.00g114520::Scaffold_05:28164003-28180356	87.640	89	11	0	213	301	2636	2724	8.44e-21	104
GAEH01003918.1	PGEN_.00g257270::Scaffold_12:43854280-43864603	88.514	148	15	2	364	510	10229	10083	4.86e-43	178
GAEH01004057.1	PGEN_.00g050780::Scaffold_02:49093276-49194745	82.530	166	29	0	233	398	2758	2593	1.32e-33	147
GAEH01004121.1	PGEN_.00g336820::Scaffold_17:28926448-28984713	85.149	101	15	0	212	312	1	101	7.92e-21	104
GAEH01004123.1	PGEN_.00g210600::Scaffold_10:17637984-17664979	84.177	158	25	0	463	620	26838	26995	7.77e-36	154
GAEH01004276.1	PGEN_.00g206700::Scaffold_10:7183927-7213674	78.404	213	45	1	344	556	29526	29737	7.43e-31	137
GAEH01004334.1	PGEN_.00g045430::Scaffold_02:34534413-34569746	83.929	168	25	2	248	414	7386	7552	1.58e-37	159
GAEH01004463.1	PGEN_.00g264140::Scaffold_13:12376625-12411350	81.609	174	32	0	68	241	26398	26225	4.29e-33	145
GAEH01004470.1	PGEN_.00g274590::Scaffold_13:40864421-40867921	94.889	587	30	0	1	587	1022	436	0.0	918
GAEH01004532.1	PGEN_.00g045220::Scaffold_02:34076470-34082117	80.282	284	56	0	13	296	847	1130	3.17e-54	215
GAEH01004542.1	PGEN_.00g048560::Scaffold_02:43190346-43208963	88.281	256	27	3	266	520	4	257	6.51e-81	303
GAEH01004551.1	PGEN_.00g043220::Scaffold_02:28115269-28146802	89.535	86	8	1	489	573	6173	6088	5.42e-22	108
GAEH01004587.1	PGEN_.00g046630::Scaffold_02:38004759-38006072	76.980	404	89	4	19	420	912	1313	4.00e-58	228
GAEH01004591.1	PGEN_.00g197540::Scaffold_09:18737557-18752780	95.455	88	2	2	424	509	11113	11026	1.93e-31	139
GAEH01004599.1	PGEN_.00g219460::Scaffold_10:41043718-41109882	82.564	195	32	2	263	456	48550	48743	6.85e-41	171
GAEH01004629.1	PGEN_.00g257250::Scaffold_12:43796426-43835852	81.890	127	22	1	391	517	23951	23826	1.95e-21	106
GAEH01004632.1	PGEN_.00g109820::Scaffold_05:14544381-14576826	90.110	91	8	1	134	223	1357	1447	8.92e-25	117
GAEH01004681.1	PGEN_.00g119660::Scaffold_05:42853340-42887702	87.129	101	13	0	227	327	4141	4241	3.18e-24	115
GAEH01004776.1	PGEN_.00g179200::Scaffold_08:29975641-30008703	81.897	348	59	4	118	463	1	346	4.79e-77	291
GAEH01004785.1	PGEN_.00g224420::Scaffold_10:53090420-53092108	81.544	531	98	0	16	546	208	738	1.61e-121	438
GAEH01005000.1	PGEN_.00g085010::Scaffold_04:15977474-15993429	86.719	128	16	1	1	128	14774	14900	4.80e-32	141
GAEH01005067.1	PGEN_.00g108980::Scaffold_05:12649858-12669220	83.799	179	29	0	233	411	5300	5478	5.98e-41	171
GAEH01005108.1	PGEN_.00g122880::Scaffold_05:51546690-51549246	84.672	137	21	0	163	299	723	587	5.98e-31	137
GAEH01005189.1	PGEN_.00g048720::Scaffold_02:43410947-43417430	83.600	250	41	0	63	312	1	250	2.02e-60	235
GAEH01005319.1	PGEN_.00g019200::Scaffold_01:52008632-52058486	97.436	117	3	0	27	143	1	117	7.12e-50	200
GAEH01005406.1	PGEN_.00g321290::Scaffold_16:14972160-15023803	82.353	153	25	2	3	154	35672	35823	2.53e-29	132
GAEH01005473.1	PGEN_.00g045220::Scaffold_02:34076470-34082117	83.257	436	70	3	4	437	438	4	2.20e-109	398
GAEH01005476.1	PGEN_.00g233770::Scaffold_11:27658467-27661179	85.526	304	44	0	126	429	1658	1355	1.76e-85	318
GAEH01005745.1	PGEN_.00g276370::Scaffold_14:922775-990475	85.714	182	19	2	199	373	34387	34206	1.62e-45	185
GAEH01005819.1	PGEN_.00g109820::Scaffold_05:14544381-14576826	90.110	91	8	1	267	356	1357	1447	5.64e-25	117
GAEH01005873.1	PGEN_.00g045220::Scaffold_02:34076470-34082117	91.102	236	21	0	1	236	236	1	3.92e-86	320
GAEH01005932.1	PGEN_.00g233580::Scaffold_11:27099534-27108460	88.496	339	38	1	3	341	138	475	7.66e-113	409
GAEH01006020.1	PGEN_.00g166460::Scaffold_07:37605304-37608834	81.383	188	33	2	60	246	2352	2538	1.28e-35	152
GAEH01006040.1	PGEN_.00g031390::Scaffold_01:85880535-85890855	82.609	276	44	4	10	282	9068	8794	2.55e-62	241
GAEH01006053.1	PGEN_.00g152190::Scaffold_06:59812493-59849607	95.370	216	8	2	1	215	23468	23254	6.58e-93	342
GAEH01006096.1	PGEN_.00g048720::Scaffold_02:43410947-43417430	87.248	149	18	1	115	262	11	159	1.06e-40	169
JO123987.1	PGEN_.00g044480::Scaffold_02:31650980-31685287	83.942	137	22	0	1739	1875	15127	15263	1.77e-28	132
JO123931.1	PGEN_.00g145560::Scaffold_06:42477877-42504799	90.152	132	13	0	536	667	14173	14042	3.35e-41	172
JO123785.1	PGEN_.00g233610::Scaffold_11:27130927-27139133	89.157	332	36	0	371	702	3365	3034	3.50e-115	418
JO123756.1	PGEN_.00g144370::Scaffold_06:39317251-39360172	84.211	114	18	0	371	484	8292	8179	1.16e-22	111
JO123730.1	PGEN_.00g049580::Scaffold_02:45510909-45516862	87.805	164	19	1	8	170	2331	2168	3.15e-47	191
JO123679.1	PGEN_.00g149140::Scaffold_06:52263958-52278285	87.218	133	17	0	109	241	6224	6356	3.93e-35	152
JO123672.1	PGEN_.00g256850::Scaffold_12:42441866-42479242	83.721	129	21	0	292	420	36433	36561	3.29e-26	122
JO123667.1	PGEN_.00g050570::Scaffold_02:48431041-48557150	85.088	114	17	0	399	512	122301	122188	3.66e-24	117
JO123648.1	PGEN_.00g240250::Scaffold_11:45677023-45691915	74.982	1395	299	33	143	1524	14872	13515	2.10e-168	597
JO123646.1	PGEN_.00g114520::Scaffold_05:28164003-28180356	87.097	93	12	0	195	287	2636	2728	2.47e-21	106
JO123604.1	PGEN_.00g002510::Scaffold_01:6053072-6090279	75.554	1579	373	11	873	2443	13239	11666	0.0	765
JO123530.1	PGEN_.00g254890::Scaffold_12:37743822-37787899	87.255	102	12	1	1765	1866	25475	25575	2.60e-23	115
JO123518.1	PGEN_.00g235300::Scaffold_11:31718963-31725728	86.486	111	14	1	198	307	2528	2638	1.28e-25	121
JO123495.1	PGEN_.00g003890::Scaffold_01:9981218-10004414	86.275	102	10	3	1	100	8226	8127	7.63e-22	108
JO123466.1	PGEN_.00g245880::Scaffold_12:9154713-9227764	84.667	150	23	0	8	157	24124	24273	1.40e-34	150
JO123448.1	PGEN_.00g244930::Scaffold_12:6587386-6625648	82.105	190	28	6	4407	4593	34410	34596	4.90e-36	158
JO123379.1	PGEN_.00g040150::Scaffold_02:19277062-19281162	91.250	80	5	2	160	238	147	225	3.57e-22	108
JO123378.1	PGEN_.00g224610::Scaffold_10:53761709-53763789	81.646	158	29	0	1001	1158	437	594	1.13e-28	132
JO123333.1	PGEN_.00g081000::Scaffold_04:6562308-6600640	90.351	114	11	0	752	865	17121	17234	3.67e-34	150
JO123251.1	PGEN_.00g118780::Scaffold_05:40521104-40529692	84.638	345	53	0	1256	1600	345	1	1.22e-92	344
JO123174.1	PGEN_.00g061400::Scaffold_03:9920058-9941963	86.517	178	20	3	484	659	18193	18368	2.80e-47	193
JO123127.1	PGEN_.00g186060::Scaffold_08:47210194-47243257	83.333	138	23	0	111	248	4314	4177	2.66e-27	128
JO122961.1	PGEN_.00g141450::Scaffold_06:30691949-30705741	85.446	213	29	2	1473	1684	3544	3333	2.22e-55	220
JO122845.1	PGEN_.00g257270::Scaffold_12:43854280-43864603	88.514	148	15	2	103	249	10229	10083	1.26e-42	178
JO122834.1	PGEN_.00g026200::Scaffold_01:72490303-72537442	82.500	120	21	0	254	373	122	3	1.24e-21	106
JO122818.1	PGEN_.00g043190::Scaffold_02:28072858-28089443	89.474	171	18	0	1527	1697	10675	10505	1.04e-53	217
JO122816.1	PGEN_.00g021170::Scaffold_01:57270958-57313441	92.473	93	7	0	957	1049	30851	30759	2.67e-29	134
JO122770.1	PGEN_.00g190620::Scaffold_08:60332251-60337950	87.200	125	8	4	447	571	567	451	4.18e-30	135
JO122625.1	PGEN_.00g214130::Scaffold_10:26465068-26472918	82.222	225	34	5	398	619	222	1	2.75e-46	189
JO122562.1	PGEN_.00g190960::Scaffold_08:60901571-60916192	93.939	99	6	0	53	151	4469	4567	5.37e-35	150
JO122555.1	PGEN_.00g226370::Scaffold_11:6176193-6202138	86.335	161	22	0	216	376	2627	2787	3.97e-42	176
JO122539.1	PGEN_.00g340820::Scaffold_18:5020651-5031574	86.207	116	14	2	212	326	2997	3111	1.00e-26	124
JO122367.1	PGEN_.00g000970::Scaffold_01:1970367-1991359	85.714	112	15	1	111	221	17455	17344	5.31e-25	117
JO122353.1	PGEN_.00g162260::Scaffold_07:26376868-26425008	84.564	149	23	0	312	460	23193	23045	7.56e-34	148
JO122337.1	PGEN_.00g031880::Scaffold_01:86897644-86928309	76.221	614	117	25	21	615	4	607	4.82e-79	298
JO122286.1	PGEN_.00g329600::Scaffold_17:6966362-7000623	83.544	158	20	2	190	341	3059	3216	6.63e-32	143
JO122284.1	PGEN_.00g086160::Scaffold_04:19175373-19186177	85.401	137	13	6	8	139	10509	10375	6.23e-30	135
JO122134.1	PGEN_.00g097230::Scaffold_04:49124196-49233907	81.212	165	26	5	294	455	91789	91951	1.38e-27	128
JO122101.1	PGEN_.00g253580::Scaffold_12:33113393-33177467	80.632	253	45	3	150	400	55859	55609	1.39e-46	193
JO122071.1	PGEN_.00g301700::Scaffold_15:11739197-11747767	82.474	194	30	4	24	215	8543	8352	1.14e-39	167
JO122030.1	PGEN_.00g019070::Scaffold_01:51725344-51742133	87.368	95	12	0	265	359	13680	13586	3.33e-22	110
JO122015.1	PGEN_.00g072020::Scaffold_03:39391600-39445644	80.374	214	40	2	155	367	1	213	4.91e-37	161
JO122002.1	PGEN_.00g171890::Scaffold_08:10244630-10255739	83.598	189	25	3	710	898	114	296	5.04e-41	172
JO121895.1	PGEN_.00g064740::Scaffold_03:18809878-18851487	88.235	102	12	0	2096	2197	12624	12725	1.45e-25	122
JO121814.1	PGEN_.00g169090::Scaffold_08:1732528-1761417	92.373	118	9	0	693	810	17657	17774	7.23e-40	169
JO121733.1	PGEN_.00g316800::Scaffold_16:2899045-2909248	84.868	152	22	1	396	547	3201	3051	5.19e-35	152
JO121646.1	PGEN_.00g054990::Scaffold_02:60420409-60466283	75.970	541	107	10	318	842	32688	33221	1.49e-66	257
JO121623.1	PGEN_.00g298410::Scaffold_15:3561575-3576712	83.254	209	29	6	895	1101	14921	15125	1.56e-45	187
JO121611.1	PGEN_.00g095630::Scaffold_04:44598314-44612156	90.000	80	8	0	245	324	1347	1268	3.83e-21	104
JO121598.1	PGEN_.00g204820::Scaffold_10:937363-953938	89.916	119	11	1	611	729	9753	9870	7.32e-35	152
JO121403.1	PGEN_.00g186690::Scaffold_08:49053969-49058181	86.224	196	27	0	155	350	4212	4017	1.96e-53	213
JO121393.1	PGEN_.00g175210::Scaffold_08:19401729-19453266	82.143	196	35	0	2311	2506	24298	24103	3.23e-39	169
JO121350.1	PGEN_.00g179150::Scaffold_08:29831739-29907362	83.036	224	36	2	145	367	70757	70979	6.53e-50	202
JO121321.1	PGEN_.00g232500::Scaffold_11:24508165-24522347	94.382	89	5	0	953	1041	6564	6652	2.03e-30	137
JO121317.1	PGEN_.00g007880::Scaffold_01:19800483-19804989	85.498	462	65	2	2	462	3962	3502	2.23e-134	481
JO121249.1	PGEN_.00g070350::Scaffold_03:34295740-34304467	89.600	125	12	1	190	313	8654	8530	9.92e-37	158
JO121166.1	PGEN_.00g283320::Scaffold_14:17159402-17202251	74.554	448	77	20	2015	2436	27694	27258	3.26e-37	161
JO121139.1	PGEN_.00g131350::Scaffold_06:6182500-6238727	89.474	95	10	0	6	100	49111	49205	6.41e-26	121
JO121062.1	PGEN_.00g233540::Scaffold_11:26922136-26966093	81.325	166	27	4	364	527	8850	8687	6.67e-29	132
JO121022.1	PGEN_.00g179850::Scaffold_08:31710764-31743191	77.528	534	107	11	52	574	32425	31894	1.42e-82	309
JO120977.1	PGEN_.00g055140::Scaffold_02:60938751-60974193	83.686	331	54	0	260	590	21589	21259	5.36e-83	313
JO120907.1	PGEN_.00g334740::Scaffold_17:23058405-23132765	84.076	157	25	0	74	230	3183	3339	1.29e-35	152
JO120902.1	PGEN_.00g051500::Scaffold_02:51009813-51133441	95.349	129	6	0	748	876	39384	39256	6.51e-51	206
JO120825.1	PGEN_.00g054300::Scaffold_02:58638147-58674559	87.129	101	13	0	387	487	10788	10888	7.57e-24	115
JO120682.1	PGEN_.00g204360::Scaffold_10:135015-215664	80.702	285	51	4	1	283	41013	41295	3.01e-55	219
JO120533.1	PGEN_.00g103950::Scaffold_05:474721-512050	79.204	226	23	16	225	442	8744	8953	2.63e-30	135
JO120412.1	PGEN_.00g114870::Scaffold_05:29470079-29502859	87.395	119	15	0	1260	1378	30870	30752	7.55e-30	137
JO120232.1	PGEN_.00g156870::Scaffold_07:11463095-11589874	88.148	135	16	0	177	311	106972	107106	3.18e-38	161
JO120051.1	PGEN_.00g064200::Scaffold_03:16831532-16842807	87.395	119	15	0	685	803	7413	7295	2.37e-30	137
JO120025.1	PGEN_.00g212630::Scaffold_10:22715183-22721666	77.907	172	36	2	625	795	825	655	4.97e-21	106
JO119993.1	PGEN_.00g023990::Scaffold_01:66219310-66228413	83.000	200	34	0	530	729	8904	9103	4.23e-44	182
JO119970.1	PGEN_.00g053960::Scaffold_02:57118708-57126541	78.261	230	50	0	801	1030	3644	3873	1.72e-33	148
JO119937.1	PGEN_.00g116660::Scaffold_05:34125439-34140248	87.179	117	14	1	295	410	13106	12990	1.01e-28	132
JO119896.1	PGEN_.00g027840::Scaffold_01:76968781-76992428	83.125	160	27	0	535	694	23486	23645	1.50e-33	147
JO119824.1	PGEN_.00g002750::Scaffold_01:6722689-6757020	85.211	142	17	4	111	250	1	140	1.13e-31	143
JO119799.1	PGEN_.00g027380::Scaffold_01:75979106-76045024	77.381	252	55	2	1	251	55737	55987	2.70e-34	148
JO119775.1	PGEN_.00g061340::Scaffold_03:9735141-9771666	83.871	124	20	0	764	887	30689	30812	4.79e-25	119
JO119773.1	PGEN_.00g193820::Scaffold_09:7570771-7594260	75.219	456	103	8	1789	2242	5117	4670	2.21e-51	207
JO119758.1	PGEN_.00g224420::Scaffold_10:53090420-53092108	81.614	892	154	8	6	889	890	1	0.0	730
JO119748.1	PGEN_.00g164400::Scaffold_07:31942385-31994901	80.000	820	148	12	302	1110	39438	38624	2.43e-167	592
JO119744.1	PGEN_.00g002480::Scaffold_01:5933156-5984637	84.000	125	20	0	656	780	22342	22466	1.27e-25	121
JO119717.1	PGEN_.00g163050::Scaffold_07:28587097-28602299	91.089	101	9	0	289	389	13240	13340	4.58e-31	137
JO119656.1	PGEN_.00g045020::Scaffold_02:33188614-33268700	83.571	280	46	0	5882	6161	52640	52361	1.64e-67	263
JO119639.1	PGEN_.00g013290::Scaffold_01:34512421-34532313	86.709	158	21	0	2036	2193	4241	4084	7.43e-42	176
JO119619.1	PGEN_.00g243260::Scaffold_12:2316373-2344038	85.385	130	19	0	2617	2746	3792	3663	1.31e-29	135
JO119572.1	PGEN_.00g081800::Scaffold_04:8434200-8470280	85.553	443	62	2	5328	5769	1871	1430	1.34e-127	462
JO119441.1	PGEN_.00g022750::Scaffold_01:61969703-62002275	80.952	210	40	0	1659	1868	7558	7349	4.37e-39	167
JO119379.1	PGEN_.00g062750::Scaffold_03:13464440-13499892	78.531	177	34	4	94	268	33166	32992	6.15e-24	113
JO119219.1	PGEN_.00g260400::Scaffold_13:1485699-1632381	80.606	165	30	2	85	248	129173	129010	1.80e-27	126
JO119208.1	PGEN_.00g243590::Scaffold_12:3022735-3042034	81.022	137	24	2	616	751	137	2	7.52e-22	108
JO119145.1	PGEN_.00g161780::Scaffold_07:24988463-25009968	81.250	144	23	4	341	482	17159	17300	2.20e-23	113
JO119102.1	PGEN_.00g204360::Scaffold_10:135015-215664	74.272	859	196	19	3382	4220	16298	15445	1.61e-90	339
JO119073.1	PGEN_.00g313690::Scaffold_15:42830309-42848955	84.746	177	27	0	51	227	16458	16282	1.58e-42	178
JO118930.1	PGEN_.00g191690::Scaffold_09:1651260-1678909	83.704	135	19	3	1691	1824	10884	11016	3.08e-26	124
JO118869.1	PGEN_.00g206070::Scaffold_10:5018932-5026803	76.654	2056	418	45	584	2590	5829	7871	0.0	1081
JO118835.1	PGEN_.00g172290::Scaffold_08:11432413-11470185	86.154	130	18	0	1211	1340	30271	30142	4.32e-31	141
JO118777.1	PGEN_.00g048720::Scaffold_02:43410947-43417430	82.375	261	46	0	78	338	271	11	2.36e-58	228
JO118718.1	PGEN_.00g078040::Scaffold_03:56726784-56787647	84.942	259	39	0	14	272	81	339	4.03e-68	263
JO118685.1	PGEN_.00g201490::Scaffold_09:31444784-31517471	84.099	283	43	2	7036	7317	22083	22364	4.62e-70	272
JO118646.1	PGEN_.00g324340::Scaffold_16:24024837-24046658	81.928	166	22	6	237	398	11401	11562	3.24e-29	134
JO118611.1	PGEN_.00g179570::Scaffold_08:30827429-30866104	90.722	97	9	0	332	428	8143	8239	9.81e-29	130
JO118537.1	PGEN_.00g239060::Scaffold_11:42588974-42629843	90.625	96	9	0	1303	1398	38610	38705	3.24e-27	128
JO118511.1	PGEN_.00g085420::Scaffold_04:16868515-16964019	91.262	103	9	0	8	110	18	120	2.94e-32	141
JO118457.1	PGEN_.00g023910::Scaffold_01:65947002-66036701	83.846	130	21	0	122	251	69389	69518	6.78e-27	124
JO118342.1	PGEN_.00g218850::Scaffold_10:38972893-38988844	88.235	119	14	0	748	866	12912	13030	4.29e-32	143
JO118245.1	PGEN_.00g336120::Scaffold_17:26970306-27024629	91.262	103	9	0	557	659	15730	15628	1.70e-31	141
JO118193.1	PGEN_.00g233710::Scaffold_11:27513804-27572799	86.531	245	31	2	280	523	22497	22740	1.01e-69	268
JO118140.1	PGEN_.00g119600::Scaffold_05:42692789-42736080	84.211	133	21	0	15	147	12321	12453	1.82e-28	130
JO118088.1	PGEN_.00g087200::Scaffold_04:22078517-22096921	85.484	124	18	0	132	255	1987	2110	2.95e-28	130
JO117997.1	PGEN_.00g263420::Scaffold_13:10555054-10587339	85.321	109	16	0	636	744	5727	5619	1.54e-23	113
JO117915.1	PGEN_.00g139390::Scaffold_06:25478292-25507110	80.242	248	49	0	3166	3413	26640	26887	4.95e-45	187
JO117785.1	PGEN_.00g227520::Scaffold_11:9517456-9568849	91.358	81	5	2	1	80	9270	9191	8.86e-23	110
JO117717.1	PGEN_.00g216640::Scaffold_10:33366292-33373124	90.805	87	8	0	250	336	5836	5750	1.12e-24	117
JO117622.1	PGEN_.00g325430::Scaffold_16:26833296-26861780	85.235	149	22	0	2264	2412	9141	8993	3.71e-35	154
JO117543.1	PGEN_.00g172360::Scaffold_08:11594453-11662950	88.298	94	11	0	133	226	63921	63828	5.95e-24	113
JO117505.1	PGEN_.00g007870::Scaffold_01:19789621-19794144	77.486	533	114	6	3	532	3912	4441	2.80e-84	315
JO117467.1	PGEN_.00g227320::Scaffold_11:9189590-9226740	84.181	177	28	0	3363	3539	2402	2226	1.35e-40	172
JO117383.1	PGEN_.00g119660::Scaffold_05:42853340-42887702	86.139	101	14	0	1145	1245	4241	4141	5.37e-22	110
JO117367.1	PGEN_.00g264140::Scaffold_13:12376625-12411350	79.339	242	50	0	1618	1859	19506	19265	3.32e-40	171
JO117286.1	PGEN_.00g055800::Scaffold_02:62826844-62867504	88.679	159	18	0	362	520	16882	17040	3.99e-48	195
JO117254.1	PGEN_.00g059540::Scaffold_03:4362376-4371423	88.889	135	15	0	268	402	547	681	1.82e-39	167
JO116999.1	PGEN_.00g211870::Scaffold_10:21118518-21126021	80.488	164	32	0	422	585	6379	6542	3.61e-27	126
JO116843.1	PGEN_.00g004260::Scaffold_01:11020714-11077206	82.011	189	25	4	2489	2677	200	21	1.20e-34	152
JO116782.1	PGEN_.00g025510::Scaffold_01:70634316-70712415	80.392	408	68	11	177	578	15598	15197	8.99e-80	300
JO116722.1	PGEN_.00g021430::Scaffold_01:57967952-57986745	88.119	101	12	0	1013	1113	12682	12582	2.65e-25	121
JO116691.1	PGEN_.00g218840::Scaffold_10:38904461-38906680	77.288	1497	302	24	523	1988	1490	1	0.0	846
JO116660.1	PGEN_.00g273280::Scaffold_13:37203826-37211766	94.690	113	4	2	1306	1416	7759	7871	1.34e-41	174
JO116617.1	PGEN_.00g289360::Scaffold_14:30442623-30446417	91.156	882	75	3	345	1224	1007	127	0.0	1194
JO116608.1	PGEN_.00g223300::Scaffold_10:49869566-49879180	87.500	152	19	0	421	572	1520	1671	5.38e-42	176
JO116576.1	PGEN_.00g045760::Scaffold_02:35599732-35624307	84.536	194	28	2	1098	1290	20661	20469	3.23e-46	191
JO116505.1	PGEN_.00g344230::Scaffold_18:13467587-13544513	77.888	303	63	4	3358	3658	56868	56568	1.90e-44	185
JO116435.1	PGEN_.00g223380::Scaffold_10:50124186-50158327	93.506	77	5	0	2	78	32482	32406	7.78e-24	115
JO116407.1	PGEN_.00g088650::Scaffold_04:25667935-25674933	84.000	250	38	2	632	880	5435	5187	2.89e-61	239
JO116387.1	PGEN_.00g052860::Scaffold_02:54656838-54687836	82.645	121	21	0	447	567	21539	21659	6.02e-22	108
JO116321.1	PGEN_.00g209340::Scaffold_10:13871518-13934138	79.503	161	33	0	831	991	38181	38021	8.47e-24	115
JO116293.1	PGEN_.00g191390::Scaffold_09:958635-1003463	82.031	128	23	0	1	128	4	131	2.90e-22	110
JO116174.1	PGEN_.00g191680::Scaffold_09:1588970-1650442	87.500	112	14	0	373	484	4922	5033	3.89e-28	130
JO116168.1	PGEN_.00g292230::Scaffold_14:36689024-36728723	80.952	168	29	2	115	279	7020	7187	1.29e-28	130
JO116122.1	PGEN_.00g197530::Scaffold_09:18712773-18728864	86.806	144	19	0	1579	1722	5831	5974	1.94e-37	161
JO115959.1	PGEN_.00g240440::Scaffold_11:46224292-46279004	82.158	241	41	2	873	1112	53304	53065	1.04e-50	206
JO115865.1	PGEN_.00g114060::Scaffold_05:26928012-26954850	85.859	198	28	0	887	1084	6940	6743	9.99e-53	211
JO115860.1	PGEN_.00g329110::Scaffold_17:5391425-5569108	86.722	241	30	2	115	354	10394	10633	8.14e-70	267
JO115844.1	PGEN_.00g028280::Scaffold_01:78164630-78265700	83.041	171	26	3	4624	4792	61911	61742	6.39e-34	152
JO115777.1	PGEN_.00g179200::Scaffold_08:29975641-30008703	81.897	348	59	4	144	489	1	346	2.21e-76	291
JO115708.1	PGEN_.00g153630::Scaffold_07:2623604-2643343	86.667	105	14	0	1717	1821	18263	18367	3.70e-24	117
JO115661.1	PGEN_.00g019200::Scaffold_01:52008632-52058486	81.013	632	99	12	509	1125	49213	49838	1.68e-134	483
JO115605.1	PGEN_.00g305470::Scaffold_15:21404969-21414899	83.841	427	66	1	1011	1434	9500	9926	1.59e-110	403
JO115503.1	PGEN_.00g235060::Scaffold_11:30872783-30909212	82.353	153	27	0	151	303	584	736	4.24e-29	134
JO115471.1	PGEN_.00g271750::Scaffold_13:33186824-33200739	80.788	203	39	0	336	538	610	812	3.93e-37	159
JO115435.1	PGEN_.00g108630::Scaffold_05:11609124-11629435	75.196	766	160	22	1852	2608	19523	20267	1.21e-89	335
JO115381.1	PGEN_.00g056220::Scaffold_02:64424876-64436672	83.206	131	20	2	965	1094	7025	7154	6.26e-25	119
JO115318.1	PGEN_.00g220820::Scaffold_10:44014628-44089460	85.119	168	23	2	146	312	58885	59051	8.64e-41	171
JO115299.1	PGEN_.00g108980::Scaffold_05:12649858-12669220	88.669	353	40	0	2033	2385	3396	3748	2.46e-118	431
JO115277.1	PGEN_.00g045220::Scaffold_02:34076470-34082117	85.885	751	102	4	429	1177	1130	382	0.0	797
JO115261.1	PGEN_.00g162010::Scaffold_07:25478145-25482170	78.261	506	86	11	664	1151	500	1	1.70e-80	303
JO115193.1	PGEN_.00g089960::Scaffold_04:29889069-29907327	86.957	138	18	0	2336	2473	5478	5341	1.12e-35	156
JO115145.1	PGEN_.00g021330::Scaffold_01:57654773-57674949	79.240	342	63	5	48	381	20167	19826	1.30e-58	231
JO115081.1	PGEN_.00g086090::Scaffold_04:19050646-19060239	85.185	108	12	4	143	249	2475	2371	1.28e-21	108
JO115025.1	PGEN_.00g177700::Scaffold_08:26419147-26428155	80.543	221	39	4	423	641	2148	2366	1.02e-39	167
JO114961.1	PGEN_.00g091110::Scaffold_04:32317578-32329383	77.644	331	66	6	24	350	1130	804	2.51e-48	195
JO114935.1	PGEN_.00g330310::Scaffold_17:8824751-8930362	83.688	282	46	0	2842	3123	80217	80498	8.32e-69	267
JO114862.1	PGEN_.00g305440::Scaffold_15:21302795-21324809	80.814	172	31	2	2286	2456	17250	17420	4.71e-29	134
JO114787.1	PGEN_.00g174680::Scaffold_08:17990253-18022671	79.470	302	56	3	16	314	762	1060	3.40e-52	209
JO114779.1	PGEN_.00g139090::Scaffold_06:24704249-24754795	82.724	301	52	0	7041	7341	5198	5498	5.49e-69	268
JO114720.1	PGEN_.00g202660::Scaffold_09:34048561-34070389	83.333	138	19	4	2332	2467	1087	952	2.48e-26	124
JO114531.1	PGEN_.00g134840::Scaffold_06:14432851-14494417	83.908	174	28	0	247	420	41359	41186	6.36e-40	167
JO114506.1	PGEN_.00g053950::Scaffold_02:57085922-57110274	90.722	97	9	0	1391	1487	7106	7202	7.04e-28	130
JO114439.1	PGEN_.00g181080::Scaffold_08:34725424-34747061	90.385	104	10	0	972	1075	15225	15328	2.07e-30	137
JO114412.1	PGEN_.00g017010::Scaffold_01:45935267-45945468	92.000	75	6	0	260	334	4452	4526	1.13e-21	106
JO114347.1	PGEN_.00g101960::Scaffold_04:60465451-60486735	100.000	62	0	0	70	131	4851	4912	1.75e-23	115
JO114299.1	PGEN_.00g112270::Scaffold_05:21689393-21723396	82.900	269	42	4	1	267	14397	14131	1.16e-61	239
JO114294.1	PGEN_.00g302360::Scaffold_15:13257078-13295825	89.130	92	9	1	3	93	27176	27085	7.79e-24	113
JO114283.1	PGEN_.00g164770::Scaffold_07:32969499-32989042	89.815	108	9	2	2128	2234	107	1	2.85e-30	137
JO114139.1	PGEN_.00g009300::Scaffold_01:24181848-24192589	95.455	88	3	1	1	87	7933	8020	9.75e-31	139
JO114100.1	PGEN_.00g210210::Scaffold_10:16487709-16542397	81.343	134	25	0	1581	1714	36312	36179	5.91e-22	110
JO114021.1	PGEN_.00g292990::Scaffold_14:38096608-38105412	79.830	352	62	5	2	352	2954	2611	2.15e-64	248
JO113937.1	PGEN_.00g150750::Scaffold_06:56418975-56438422	82.840	169	29	0	141	309	18964	18796	1.36e-34	152
JO113858.1	PGEN_.00g024520::Scaffold_01:67734635-67748271	79.863	293	55	3	138	428	1145	855	2.97e-53	211
JO113847.1	PGEN_.00g008030::Scaffold_01:20085937-20113770	77.725	211	43	4	656	864	11464	11256	3.48e-27	126
JO113830.1	PGEN_.00g187310::Scaffold_08:51301230-51308073	80.061	326	63	2	731	1055	1620	1944	1.85e-61	241
JO113750.1	PGEN_.00g005480::Scaffold_01:13725578-13827565	90.196	102	10	0	41	142	19282	19181	6.13e-30	134
JO113736.1	PGEN_.00g122170::Scaffold_05:49471959-49490557	83.969	131	21	0	1471	1601	18468	18598	4.89e-27	126
JO113726.1	PGEN_.00g013370::Scaffold_01:34648322-34677390	80.645	155	30	0	53	207	23643	23489	1.74e-25	121
JO113716.1	PGEN_.00g065020::Scaffold_03:19802569-19835352	80.573	314	53	4	25	331	12331	12643	1.41e-60	235
JO113678.1	PGEN_.00g220870::Scaffold_10:44195682-44271994	82.635	167	27	2	1932	2097	32611	32776	1.14e-32	147
JO113609.1	PGEN_.00g288400::Scaffold_14:28228224-28244110	84.921	252	36	2	673	923	9976	9726	2.40e-65	254
JO113608.1	PGEN_.00g330310::Scaffold_17:8824751-8930362	87.222	180	23	0	1068	1247	32106	32285	2.27e-50	206
JO113597.1	PGEN_.00g197090::Scaffold_09:16893054-16910571	83.799	179	29	0	304	482	12996	13174	1.04e-40	171
JO113545.1	PGEN_.00g045510::Scaffold_02:34817206-34858146	83.432	169	28	0	3475	3643	35376	35208	7.28e-36	158
JO113532.1	PGEN_.00g069950::Scaffold_03:33121469-33164706	78.571	168	32	4	424	589	36864	37029	5.59e-22	108
JO113496.1	PGEN_.00g130070::Scaffold_06:2975316-3065774	88.043	92	11	0	1803	1894	29271	29362	9.39e-22	110
JO113423.1	PGEN_.00g234560::Scaffold_11:29592314-29612579	89.286	112	12	0	28	139	14412	14301	2.97e-32	141
JO113390.1	PGEN_.00g255930::Scaffold_12:40551801-40568427	83.193	119	20	0	2602	2720	9504	9386	1.08e-21	110
JO113241.1	PGEN_.00g099750::Scaffold_04:55384834-55393020	84.298	121	19	0	9	129	5290	5410	1.31e-25	119
JO113177.1	PGEN_.00g062800::Scaffold_03:13593452-13615421	86.957	115	15	0	621	735	9404	9518	2.83e-28	130
JO113117.1	PGEN_.00g130880::Scaffold_06:4917089-4977090	80.315	254	49	1	4464	4716	28221	27968	6.11e-46	191
JO113082.1	PGEN_.00g094010::Scaffold_04:40177786-40251498	84.828	145	22	0	196	340	4385	4241	1.19e-33	147
JO113049.1	PGEN_.00g220310::Scaffold_10:42609879-42637226	78.089	429	90	4	4	430	872	446	1.73e-70	268
JO113036.1	PGEN_.00g056590::Scaffold_02:66057246-66093261	83.916	143	23	0	503	645	35827	35969	9.57e-31	137
JO113020.1	PGEN_.00g166490::Scaffold_07:37730941-37732485	82.407	648	102	5	1	640	734	91	1.82e-156	555
JO112998.1	PGEN_.00g213730::Scaffold_10:25449295-25476822	89.655	87	9	0	1897	1983	14705	14791	3.10e-22	111
JO112966.1	PGEN_.00g031030::Scaffold_01:84441852-84452127	90.000	90	9	0	676	765	3802	3891	2.31e-24	117
JO112874.1	PGEN_.00g254880::Scaffold_12:37643862-37703992	94.318	88	5	0	331	418	9558	9645	8.70e-30	135
JO112812.1	PGEN_.00g036130::Scaffold_02:8036268-8046019	87.786	131	16	0	1262	1392	6439	6569	3.20e-35	154
JO112800.1	PGEN_.00g024540::Scaffold_01:67767963-67786196	91.453	117	10	0	13	129	17032	16916	4.41e-38	161
JO112775.1	PGEN_.00g048070::Scaffold_02:41652121-41663543	80.100	201	38	2	1113	1312	203	4	9.31e-34	148
JO112772.1	PGEN_.00g289020::Scaffold_14:29522854-29524741	83.942	137	22	0	239	375	1714	1850	3.76e-29	132
JO112749.1	PGEN_.00g336700::Scaffold_17:28576031-28678769	86.364	132	18	0	68	199	36341	36472	2.46e-33	145
JO112683.1	PGEN_.00g039960::Scaffold_02:18899035-18939530	81.208	149	28	0	552	700	7923	7775	1.15e-25	121
JO112634.1	PGEN_.00g159650::Scaffold_07:19196592-19228377	86.508	126	15	1	5	130	7681	7558	4.44e-31	137
JO112486.1	PGEN_.00g076120::Scaffold_03:51878469-51910252	87.978	183	20	2	177	358	15709	15528	8.98e-54	215
JO112476.1	PGEN_.00g247620::Scaffold_12:13753344-13798734	86.408	103	14	0	750	852	2738	2840	4.45e-23	113
JO112457.1	PGEN_.00g033300::Scaffold_01:89601769-89638524	83.889	180	29	0	1683	1862	16613	16434	1.19e-40	172
JO112406.1	PGEN_.00g037370::Scaffold_02:11357569-11447291	82.993	147	24	1	206	352	50083	49938	3.37e-29	132
JO112369.1	PGEN_.00g052100::Scaffold_02:53125251-53164093	95.745	94	4	0	2246	2339	94	1	1.11e-34	152
JO112277.1	PGEN_.00g173340::Scaffold_08:14503848-14515434	81.046	153	25	2	212	364	6287	6139	6.79e-25	119
JO112170.1	PGEN_.00g039960::Scaffold_02:18899035-18939530	81.429	210	39	0	30	239	4436	4645	1.10e-41	172
JO112118.1	PGEN_.00g257250::Scaffold_12:43796426-43835852	81.890	127	22	1	110	236	23951	23826	1.22e-21	106
JO112056.1	PGEN_.00g190960::Scaffold_08:60901571-60916192	83.525	261	43	0	102	362	4962	5222	5.42e-63	244
JO111973.1	PGEN_.00g024270::Scaffold_01:66901394-66927757	83.200	125	21	0	692	816	7429	7305	4.88e-24	115
JO111929.1	PGEN_.00g080420::Scaffold_04:4882859-4923096	77.228	202	38	8	75	272	17228	17031	5.25e-23	111
JO111918.1	PGEN_.00g240430::Scaffold_11:46176013-46223711	91.608	143	12	0	5019	5161	34710	34852	4.53e-48	198
JO111885.1	PGEN_.00g036820::Scaffold_02:9496532-9501582	83.529	255	42	0	470	724	3979	3725	3.70e-61	239
JO111792.1	PGEN_.00g157420::Scaffold_07:12638137-12638352	83.846	130	16	5	579	705	67	194	3.73e-25	119
JO111775.1	PGEN_.00g267590::Scaffold_13:22176869-22193953	79.268	164	34	0	664	827	14879	15042	8.96e-24	115
JO111697.1	PGEN_.00g063400::Scaffold_03:15212027-15234502	80.473	169	33	0	583	751	4624	4792	6.18e-28	130
JO111569.1	PGEN_.00g048610::Scaffold_02:43273388-43290537	84.106	151	18	5	492	641	8347	8492	1.92e-31	141
JO111537.1	PGEN_.00g167710::Scaffold_07:41025179-41033015	82.609	138	23	1	988	1124	5389	5526	1.43e-25	121
JO111517.1	PGEN_.00g054060::Scaffold_02:57542626-57543303	84.211	152	24	0	163	314	366	517	2.45e-34	148
JO111458.1	PGEN_.00g031510::Scaffold_01:86039880-86075028	90.000	140	12	2	440	578	32199	32061	1.50e-43	180
JO111347.1	PGEN_.00g244060::Scaffold_12:4148734-4171033	85.294	102	15	0	103	204	18111	18010	1.62e-21	106
JO111315.1	PGEN_.00g001730::Scaffold_01:3585240-3594053	79.646	226	38	6	69	290	1	222	1.88e-36	156
JO111212.1	PGEN_.00g186790::Scaffold_08:49447365-49558986	84.314	153	22	2	515	666	19848	19697	4.17e-34	148
JO111202.1	PGEN_.00g145440::Scaffold_06:42086097-42109014	77.489	231	46	5	831	1058	6961	7188	1.14e-28	134
JO111021.1	PGEN_.00g283360::Scaffold_14:17260826-17270652	80.383	418	78	4	8	423	9786	9371	2.69e-84	315
JO110803.1	PGEN_.00g055700::Scaffold_02:62690514-62695656	82.109	531	92	3	902	1431	4596	5124	5.76e-125	451
JO110748.1	PGEN_.00g329120::Scaffold_17:5571172-5673606	85.217	115	17	0	395	509	76883	76997	2.32e-25	119
JO110657.1	PGEN_.00g185120::Scaffold_08:44924354-44952707	89.189	111	10	1	884	992	1926	1816	1.55e-30	137
JO110630.1	PGEN_.00g247490::Scaffold_12:13534609-13546010	79.042	167	35	0	1256	1422	6001	5835	1.19e-23	115
JO110565.1	PGEN_.00g083320::Scaffold_04:11772802-11795974	81.065	169	32	0	1224	1392	12046	12214	8.36e-30	135
JO110510.1	PGEN_.00g046360::Scaffold_02:37325215-37348539	81.731	208	34	4	1667	1872	20540	20745	2.54e-40	171
JO110467.1	PGEN_.00g041500::Scaffold_02:23358523-23415473	86.508	126	17	0	2694	2819	5061	4936	1.18e-30	139
JO110353.1	PGEN_.00g117110::Scaffold_05:35546593-35586872	85.593	118	17	0	123	240	38284	38167	7.96e-27	124
JO110274.1	PGEN_.00g181590::Scaffold_08:35878454-35884308	83.251	203	34	0	216	418	3838	4040	9.27e-46	187
JO110268.1	PGEN_.00g039350::Scaffold_02:16762226-16861833	73.247	385	77	22	545	917	94837	95207	1.94e-24	117
JO110227.1	PGEN_.00g270400::Scaffold_13:29265594-29281067	83.721	172	28	0	1244	1415	3982	3811	3.12e-38	163
JO110213.1	PGEN_.00g118110::Scaffold_05:38685044-38722040	85.981	107	14	1	357	463	4458	4563	9.39e-24	113
JO110167.1	PGEN_.00g008080::Scaffold_01:20329294-20354610	76.699	309	70	2	1937	2244	4302	4609	4.68e-40	171
JO110093.1	PGEN_.00g208340::Scaffold_10:10978789-10984277	78.919	185	34	3	652	835	4782	4962	1.34e-25	121
JO110058.1	PGEN_.00g028310::Scaffold_01:78309410-78335352	85.345	116	17	0	687	802	12420	12535	1.41e-25	121
JO110027.1	PGEN_.00g111560::Scaffold_05:19857215-19874795	81.902	326	59	0	1	326	16692	16367	1.10e-72	276
JO109956.1	PGEN_.00g221990::Scaffold_10:46492274-46518816	81.048	248	43	4	492	737	1172	927	5.32e-48	195
JO109928.1	PGEN_.00g324860::Scaffold_16:25272870-25283465	88.321	137	14	2	172	307	8394	8259	1.14e-38	163
JO109861.1	PGEN_.00g055380::Scaffold_02:61614880-61624426	74.786	1285	290	32	109	1374	8210	9479	7.58e-154	547
JO109812.1	PGEN_.00g080200::Scaffold_04:4356663-4367937	82.589	224	36	3	366	586	11040	11263	9.90e-48	195
JO109705.1	PGEN_.00g016290::Scaffold_01:43515632-43587080	82.573	241	33	4	2113	2350	67036	67270	3.63e-50	204
JO109666.1	PGEN_.00g196010::Scaffold_09:14152918-14162143	86.014	143	20	0	1	143	1003	861	4.02e-36	154
JO109637.1	PGEN_.00g142880::Scaffold_06:35422303-35465954	82.051	312	56	0	1491	1802	11848	12159	1.11e-68	267
JO109557.1	PGEN_.00g122910::Scaffold_05:51599744-51603493	90.141	142	12	2	2	143	679	540	1.70e-44	183
JO109535.1	PGEN_.00g022420::Scaffold_01:61131166-61211539	83.544	158	26	0	1765	1922	43545	43388	4.30e-33	148
JO109501.1	PGEN_.00g259000::Scaffold_12:49015640-49027925	85.027	187	28	0	796	982	5117	4931	1.81e-46	191
JO109399.1	PGEN_.00g211140::Scaffold_10:18775838-18780986	75.943	212	51	0	472	683	4742	4531	2.76e-22	110
JO109316.1	PGEN_.00g214290::Scaffold_10:26996750-27004463	81.935	155	28	0	146	300	206	52	1.70e-29	132
JO109314.1	PGEN_.00g055310::Scaffold_02:61427959-61463441	83.478	230	38	0	925	1154	3889	3660	9.35e-54	215
JO109311.1	PGEN_.00g014100::Scaffold_01:36647816-36652793	77.155	232	48	5	10	238	4644	4415	1.10e-28	130
JO109175.1	PGEN_.00g287540::Scaffold_14:26576836-26589906	87.143	140	17	1	247	386	10318	10180	7.74e-37	158
JO109146.1	PGEN_.00g321290::Scaffold_16:14972160-15023803	82.520	246	40	2	4136	4381	32379	32621	1.27e-52	213
JO109090.1	PGEN_.00g233770::Scaffold_11:27658467-27661179	90.521	211	20	0	32	242	1190	1400	6.28e-74	279
JO109007.1	PGEN_.00g065390::Scaffold_03:20815602-20822477	89.655	87	9	0	42	128	5894	5808	6.26e-23	111
JO108939.1	PGEN_.00g005670::Scaffold_01:14385195-14420035	86.076	158	22	0	1082	1239	17573	17730	2.83e-40	171
JO108923.1	PGEN_.00g220360::Scaffold_10:42690879-42699566	89.865	148	15	0	224	371	3021	3168	1.59e-46	191
JO108804.1	PGEN_.00g177570::Scaffold_08:25903774-25985208	88.816	152	17	0	76	227	1	152	4.91e-46	187
JO108785.1	PGEN_.00g295010::Scaffold_14:42968150-42988416	80.435	184	36	0	109	292	6384	6201	5.45e-32	141
JO108695.1	PGEN_.00g244840::Scaffold_12:6436316-6447771	81.068	206	38	1	417	622	11251	11455	1.27e-38	163
JO108664.1	PGEN_.00g002420::Scaffold_01:5732605-5754981	88.722	133	15	0	8	140	9741	9873	1.75e-38	163
JO108637.1	PGEN_.00g219460::Scaffold_10:41043718-41109882	85.047	214	31	1	305	518	51230	51442	1.29e-54	217
JO108619.1	PGEN_.00g187350::Scaffold_08:51601099-51626682	83.483	333	55	0	5	337	15746	15414	3.71e-83	311
JO108580.1	PGEN_.00g183200::Scaffold_08:39803988-39813787	81.369	263	49	0	485	747	3899	4161	8.21e-54	215
JO108557.1	PGEN_.00g177840::Scaffold_08:26833450-26835963	77.263	928	197	13	32	952	2474	1554	3.45e-149	532
JO108539.1	PGEN_.00g215370::Scaffold_10:29899806-29909809	84.878	205	31	0	831	1035	6661	6865	1.63e-51	207
JO108475.1	PGEN_.00g164170::Scaffold_07:31437886-31453210	86.207	145	20	0	219	363	11613	11757	5.03e-37	158
JO108463.1	PGEN_.00g252580::Scaffold_12:29965800-29976944	83.784	222	36	0	649	870	9906	10127	1.84e-52	211
JO108399.1	PGEN_.00g185180::Scaffold_08:45106278-45108371	85.572	201	28	1	905	1105	413	612	3.67e-52	209
JO108383.1	PGEN_.00g249590::Scaffold_12:20132034-20138219	84.874	119	17	1	22	139	3647	3529	1.38e-25	119
JO108381.1	PGEN_.00g252220::Scaffold_12:28667061-28687324	75.871	402	83	8	44	432	20263	19863	3.67e-47	193
JO108284.1	PGEN_.00g045110::Scaffold_02:33485286-33487777	87.037	108	14	0	83	190	2491	2384	4.29e-26	122
JO108225.1	PGEN_.00g013380::Scaffold_01:34687119-34738449	89.873	237	24	0	184	420	40029	39793	1.18e-80	305
JO108215.1	PGEN_.00g179830::Scaffold_08:31649809-31680628	84.783	230	33	2	94	322	18776	18548	2.78e-58	230
JO108128.1	PGEN_.00g166550::Scaffold_07:37957458-37981966	88.776	98	10	1	1034	1131	22718	22814	1.12e-24	119
JO108026.1	PGEN_.00g027360::Scaffold_01:75907469-75943080	82.270	141	23	2	6	145	19012	19151	3.11e-26	121
JO108011.1	PGEN_.00g035180::Scaffold_02:5614989-5621767	85.345	116	15	1	288	401	3142	3027	3.25e-25	119
JO107992.1	PGEN_.00g274820::Scaffold_13:41737190-41791126	88.393	112	13	0	84	195	20265	20154	2.94e-30	135
JO107988.1	PGEN_.00g117900::Scaffold_05:38189596-38243320	89.655	87	9	0	110	196	19430	19516	5.15e-23	111
JO107978.1	PGEN_.00g263630::Scaffold_13:11190844-11199899	77.255	255	52	6	148	399	5686	5937	1.62e-32	145
JO107964.1	PGEN_.00g256810::Scaffold_12:42332604-42383822	81.000	200	35	2	1168	1367	50982	51178	5.13e-36	156
JO107945.1	PGEN_.00g077980::Scaffold_03:56555174-56572171	76.078	510	120	2	49	557	2044	2552	3.46e-69	265
JO107936.1	PGEN_.00g032160::Scaffold_01:87517014-87526727	84.375	128	18	2	1817	1943	172	46	2.01e-26	124
JO107901.1	PGEN_.00g339830::Scaffold_18:2378072-2388007	86.029	136	18	1	853	987	6909	6774	1.38e-32	145
JO107884.1	PGEN_.00g174090::Scaffold_08:16829014-16871286	88.785	107	12	0	215	321	1186	1292	3.66e-29	132
JO107854.1	PGEN_.00g312290::Scaffold_15:38992198-39010373	83.333	132	18	4	135	264	17388	17259	9.14e-25	119
JO107778.1	PGEN_.00g317490::Scaffold_16:4754179-4764680	86.992	123	16	0	31	153	10501	10379	2.80e-31	139
JO107751.1	PGEN_.00g041050::Scaffold_02:21562594-21617712	86.875	160	21	0	908	1067	26680	26839	3.85e-43	180
JO107714.1	PGEN_.00g028310::Scaffold_01:78309410-78335352	88.839	224	25	0	455	678	22151	22374	3.62e-72	276
JO107702.1	PGEN_.00g300280::Scaffold_15:7871451-7887007	84.043	282	45	0	394	675	10923	10642	5.84e-71	272
JO107589.1	PGEN_.00g324750::Scaffold_16:25080811-25091629	84.239	184	19	7	171	347	10284	10104	2.46e-42	176
JO107549.1	PGEN_.00g008130::Scaffold_01:20558005-20744692	82.381	420	72	2	1577	1995	10272	10690	1.20e-98	364
JO107472.1	PGEN_.00g070510::Scaffold_03:34814082-34865787	92.617	149	11	0	594	742	19085	18937	1.18e-53	215
JO107468.1	PGEN_.00g162170::Scaffold_07:26081486-26144954	83.636	165	27	0	1150	1314	166	2	4.50e-36	156
JO107396.1	PGEN_.00g074510::Scaffold_03:47251221-47258593	91.358	81	7	0	194	274	3931	4011	4.24e-23	111
JO107389.1	PGEN_.00g270020::Scaffold_13:28530263-28600990	82.000	200	28	7	818	1010	4060	3862	2.87e-38	163
JO107344.1	PGEN_.00g016570::Scaffold_01:44257157-44308758	81.614	223	39	2	338	559	33339	33560	2.69e-44	183
JO107340.1	PGEN_.00g133010::Scaffold_06:10183163-10183615	94.186	86	5	0	1186	1271	240	155	7.35e-29	132
JO107306.1	PGEN_.00g169830::Scaffold_08:4332950-4349265	94.681	94	5	0	1763	1856	9367	9460	5.70e-33	147
JO107303.1	PGEN_.00g022820::Scaffold_01:62452960-62491055	83.051	118	20	0	395	512	25989	26106	1.04e-21	108
JO107208.1	PGEN_.00g025530::Scaffold_01:70738879-70863837	82.803	157	18	5	844	992	20654	20499	7.00e-29	132
JO107169.1	PGEN_.00g243110::Scaffold_12:1964008-2014260	79.237	236	49	0	305	540	15013	15248	2.99e-39	165
JO107011.1	PGEN_.00g257110::Scaffold_12:43228351-43289671	81.752	137	25	0	2465	2601	57459	57323	5.30e-23	115
JO106998.1	PGEN_.00g150640::Scaffold_06:56000706-56020494	90.217	92	9	0	270	361	15912	16003	1.21e-25	121
JO106937.1	PGEN_.00g120660::Scaffold_05:45992491-45997468	78.571	280	54	5	772	1048	3019	3295	2.26e-43	180
JO106783.1	PGEN_.00g100020::Scaffold_04:55808779-55824096	79.255	188	39	0	703	890	7677	7490	1.19e-28	132
JO106723.1	PGEN_.00g245650::Scaffold_12:8617605-8634750	78.571	350	66	7	4	351	14242	14584	1.75e-56	222
JO106695.1	PGEN_.00g229190::Scaffold_11:14149273-14156627	87.640	89	11	0	599	687	5894	5982	8.80e-21	104
JO106604.1	PGEN_.00g329110::Scaffold_17:5391425-5569108	80.380	158	29	2	9	165	82888	83044	6.62e-25	119
JO106601.1	PGEN_.00g240440::Scaffold_11:46224292-46279004	80.465	215	42	0	77	291	33202	32988	1.70e-38	165
JO106559.1	PGEN_.00g331890::Scaffold_17:13974551-13990834	83.099	213	33	2	307	516	2040	1828	7.53e-47	191
JO106465.1	PGEN_.00g156870::Scaffold_07:11463095-11589874	94.667	75	4	0	1433	1507	13935	13861	2.96e-24	117
JO106375.1	PGEN_.00g225950::Scaffold_11:5000572-5025416	83.898	118	19	0	455	572	917	800	1.47e-23	113
JO106287.1	PGEN_.00g245530::Scaffold_12:8249714-8263815	98.361	61	1	0	522	582	2580	2640	2.04e-21	108
JO106239.1	PGEN_.00g239110::Scaffold_11:42735454-42749039	90.909	121	11	0	768	888	11510	11630	1.10e-37	163
JO106151.1	PGEN_.00g101340::Scaffold_04:58879387-58894813	88.542	96	11	0	189	284	5061	4966	5.92e-25	117
JO106074.1	PGEN_.00g155930::Scaffold_07:8767241-8772867	79.058	191	38	2	442	631	2207	2396	1.57e-28	130
JO105982.1	PGEN_.00g212520::Scaffold_10:22574444-22614066	76.955	243	45	8	3	238	12872	13110	9.66e-28	128
JO105960.1	PGEN_.00g039300::Scaffold_02:16703395-16722042	79.558	181	31	4	773	953	8210	8036	2.21e-26	124
JO105816.1	PGEN_.00g242500::Scaffold_12:323544-377696	79.330	179	34	2	1210	1385	179	1	5.41e-26	122
JO105810.1	PGEN_.00g298570::Scaffold_15:4130419-4146155	79.295	227	41	6	640	863	1082	859	1.12e-35	154
JO105773.1	PGEN_.00g067160::Scaffold_03:25740404-25746778	80.526	190	35	2	38	226	6334	6146	8.58e-33	145
JO105722.1	PGEN_.00g138770::Scaffold_06:23967865-23976769	86.577	149	20	0	80	228	8904	8756	4.36e-39	165
JO105662.1	PGEN_.00g064680::Scaffold_03:18667520-18689208	81.726	197	34	2	3034	3229	5599	5404	6.72e-38	163
JO105653.1	PGEN_.00g055950::Scaffold_02:63159405-63170067	77.143	280	49	7	262	528	4061	4338	6.75e-34	148
JO105648.1	PGEN_.00g344210::Scaffold_18:13442235-13466553	84.127	189	30	0	1784	1972	17201	17389	1.72e-43	183
JO105582.1	PGEN_.00g329050::Scaffold_17:5042145-5089921	77.178	241	51	4	49	287	47776	47538	4.24e-30	137
JO105542.1	PGEN_.00g189530::Scaffold_08:57521569-57547335	86.777	121	16	0	1288	1408	23669	23789	9.24e-30	135
JO105507.1	PGEN_.00g155140::Scaffold_07:6517405-6578143	85.650	223	32	0	2669	2891	35524	35746	1.69e-59	235
JO105399.1	PGEN_.00g064470::Scaffold_03:17445927-17465850	79.798	198	38	2	483	679	8629	8825	3.61e-32	143
JO105397.1	PGEN_.00g080990::Scaffold_04:6525658-6556643	83.212	137	23	0	936	1072	27100	27236	9.15e-27	126
JO105333.1	PGEN_.00g196590::Scaffold_09:15727262-15751881	85.714	175	25	0	981	1155	12761	12935	1.68e-44	185
JO105295.1	PGEN_.00g060820::Scaffold_03:8156240-8171107	90.361	83	8	0	1103	1185	5487	5405	5.67e-22	110
JO105220.1	PGEN_.00g147170::Scaffold_06:46663960-46699745	83.770	191	31	0	734	924	8552	8362	1.58e-43	182
JO105150.1	PGEN_.00g080190::Scaffold_04:4331208-4355068	80.631	222	43	0	386	607	3709	3488	2.22e-41	172
JO105081.1	PGEN_.00g210600::Scaffold_10:17637984-17664979	84.810	158	24	0	237	394	26838	26995	1.03e-37	159
JO104981.1	PGEN_.00g016590::Scaffold_01:44345210-44369080	89.726	146	15	0	55	200	9029	9174	7.85e-46	187
JO104953.1	PGEN_.00g092430::Scaffold_04:35537636-35575979	90.226	133	13	0	3020	3152	26607	26739	3.29e-41	174
JO104898.1	PGEN_.00g017860::Scaffold_01:48136795-48272553	90.000	120	11	1	80	199	66290	66408	4.38e-36	154
JO104858.1	PGEN_.00g056410::Scaffold_02:65199922-65235013	95.455	66	1	1	138	203	19880	19817	4.87e-21	104
JO104836.1	PGEN_.00g150440::Scaffold_06:55514168-55584707	82.812	256	44	0	2436	2691	34027	33772	1.47e-57	230
JO104806.1	PGEN_.00g170430::Scaffold_08:6088295-6110739	88.991	109	12	0	1049	1157	10582	10690	9.68e-30	135
JO104714.1	PGEN_.00g269980::Scaffold_13:28399786-28421329	80.000	165	30	3	1415	1579	8773	8612	8.36e-25	119
JO104691.1	PGEN_.00g060170::Scaffold_03:6550125-6575239	87.755	147	18	0	284	430	5038	5184	2.51e-41	172
JO104655.1	PGEN_.00g200960::Scaffold_09:29694645-29720143	86.306	314	43	0	2010	2323	7822	8135	9.41e-92	342
JO104642.1	PGEN_.00g152200::Scaffold_06:59850152-59871867	84.459	148	23	0	781	928	18235	18382	3.29e-33	147
JO104629.1	PGEN_.00g288850::Scaffold_14:29193837-29230220	82.456	171	30	0	580	750	190	20	1.48e-34	150
JO104484.1	PGEN_.00g103430::Scaffold_04:64364989-64451146	83.696	184	28	2	82	265	56156	55975	1.57e-41	172
JO104483.1	PGEN_.00g235380::Scaffold_11:31864674-31924334	86.667	135	18	0	3459	3593	53937	54071	7.45e-34	150
JO104481.1	PGEN_.00g070750::Scaffold_03:35578777-35678307	83.439	157	26	0	1467	1623	7682	7838	7.82e-33	147
JO104465.1	PGEN_.00g225360::Scaffold_11:2097840-2126274	77.957	186	39	2	1738	1922	2304	2120	1.61e-23	115
JO104450.1	PGEN_.00g177510::Scaffold_08:25719503-25729899	82.514	183	31	1	187	369	7134	6953	3.17e-37	159
JO104434.1	PGEN_.00g111580::Scaffold_05:19893751-19913832	84.956	113	17	0	2	114	10866	10978	2.68e-24	115
JO104286.1	PGEN_.00g244930::Scaffold_12:6587386-6625648	83.190	232	38	1	153	384	4885	4655	9.66e-53	211
JO104267.1	PGEN_.00g059760::Scaffold_03:4938560-4994077	98.425	127	2	0	120	246	55517	55391	1.35e-56	224
JO104265.1	PGEN_.00g033270::Scaffold_01:89509716-89543234	83.673	147	24	0	1366	1512	17364	17510	5.43e-31	139
JO104246.1	PGEN_.00g280110::Scaffold_14:9571834-9640463	87.407	135	17	0	6945	7079	3510	3376	2.54e-35	156
JO104209.1	PGEN_.00g019760::Scaffold_01:54091458-54107147	83.453	139	22	1	223	360	7080	7218	5.21e-28	128
JO104207.1	PGEN_.00g172310::Scaffold_08:11484489-11505925	82.353	170	30	0	4	173	12169	12000	7.81e-34	148
JO104153.1	PGEN_.00g206700::Scaffold_10:7183927-7213674	79.891	184	37	0	275	458	29526	29709	1.96e-30	135
JO104089.1	PGEN_.00g265640::Scaffold_13:16435713-16451379	86.047	129	18	0	494	622	7384	7256	4.44e-31	139
JO104045.1	PGEN_.00g237200::Scaffold_11:37439336-37444751	83.019	159	27	0	331	489	159	1	3.83e-33	145
JO103982.1	PGEN_.00g255870::Scaffold_12:40087774-40110117	77.972	286	58	4	160	442	1032	1315	2.21e-41	174
JO103957.1	PGEN_.00g211500::Scaffold_10:19621566-19641266	89.744	117	12	0	1438	1554	4924	4808	3.24e-34	150
JO103928.1	PGEN_.00g266170::Scaffold_13:17750102-17762122	84.685	111	17	0	212	322	6048	6158	1.82e-22	111
JO103896.1	PGEN_.00g260400::Scaffold_13:1485699-1632381	82.353	238	40	2	97	333	122605	122369	6.89e-51	206
JO103848.1	PGEN_.00g103500::Scaffold_04:64581863-64591794	77.656	913	196	8	96	1004	1099	191	1.84e-154	549
JO103841.1	PGEN_.00g217090::Scaffold_10:34286256-34286918	78.841	345	71	2	276	619	662	319	7.96e-59	231
JO103822.1	PGEN_.00g184020::Scaffold_08:41969805-41983018	90.000	90	8	1	818	907	11612	11700	8.41e-24	115
JO103717.1	PGEN_.00g166410::Scaffold_07:37547181-37582496	82.126	207	35	2	503	708	266	61	2.00e-42	176
JO103703.1	PGEN_.00g104860::Scaffold_05:2780617-2796764	84.236	203	30	2	1328	1529	15215	15416	3.79e-48	196
JO103631.1	PGEN_.00g042280::Scaffold_02:25464387-25570669	84.106	151	24	0	960	1110	93818	93968	5.90e-33	147
JO103582.1	PGEN_.00g028330::Scaffold_01:78368455-78385123	87.037	108	14	0	276	383	12031	11924	3.91e-26	122
JO103554.1	PGEN_.00g313540::Scaffold_15:42479232-42483560	78.802	217	39	5	561	774	4017	4229	2.89e-31	139
JO103437.1	PGEN_.00g146730::Scaffold_06:45190149-45268304	86.777	121	16	0	916	1036	76073	76193	5.81e-30	135
JO103404.1	PGEN_.00g016860::Scaffold_01:45201848-45213053	83.571	140	21	2	1	139	3704	3566	9.39e-29	130
JO103382.1	PGEN_.00g163480::Scaffold_07:29383979-29446436	81.188	202	38	0	269	470	56338	56137	4.06e-38	163
JO103381.1	PGEN_.00g063790::Scaffold_03:15979720-15998650	88.288	111	13	0	2397	2507	14071	14181	4.31e-29	134
JO103359.1	PGEN_.00g330380::Scaffold_17:9212764-9363283	79.522	293	60	0	783	1075	4088	3796	4.11e-52	209
JO103349.1	PGEN_.00g006140::Scaffold_01:15487215-15500399	90.217	92	9	0	413	504	8756	8847	2.00e-25	121
JO103340.1	PGEN_.00g021940::Scaffold_01:59628564-59664565	80.829	193	37	0	1121	1313	22269	22461	1.29e-34	152
JO103269.1	PGEN_.00g019200::Scaffold_01:52008632-52058486	97.436	117	3	0	17	133	1	117	1.01e-49	200
JO103222.1	PGEN_.00g058280::Scaffold_03:205030-313977	88.265	196	23	0	2681	2876	36541	36736	3.11e-59	235
JO103214.1	PGEN_.00g085010::Scaffold_04:15977474-15993429	85.859	198	23	4	1534	1729	14706	14900	6.86e-51	206
JO103206.1	PGEN_.00g318920::Scaffold_16:8734939-8758608	89.423	104	8	2	713	813	12978	13081	2.35e-27	128
JO103191.1	PGEN_.00g115070::Scaffold_05:30147459-30147704	86.452	155	21	0	2587	2741	225	71	3.43e-40	171
JO103146.1	PGEN_.00g329110::Scaffold_17:5391425-5569108	77.105	380	72	11	1	371	79175	79548	1.27e-51	206
JO103117.1	PGEN_.00g213350::Scaffold_10:24367809-24391529	82.558	172	30	0	1126	1297	13687	13858	5.75e-35	152
JO103080.1	PGEN_.00g047850::Scaffold_02:40838006-40873020	84.921	126	14	5	1267	1389	17306	17429	8.15e-26	122
JO103033.1	PGEN_.00g020860::Scaffold_01:56781648-56796396	88.288	111	9	3	448	555	10882	10991	1.19e-28	130
JO103011.1	PGEN_.00g070750::Scaffold_03:35578777-35678307	83.983	231	35	2	45	274	54086	53857	9.40e-56	220
JO102983.1	PGEN_.00g151360::Scaffold_06:57783330-57868391	83.333	126	21	0	2307	2432	65808	65683	1.07e-23	117
JO102959.1	PGEN_.00g237660::Scaffold_11:39092744-39180442	84.615	130	20	0	1472	1601	79761	79632	4.24e-28	130
JO102954.1	PGEN_.00g002430::Scaffold_01:5761729-5830003	93.396	106	7	0	148	253	5709	5814	1.50e-36	158
JO102952.1	PGEN_.00g004180::Scaffold_01:10891637-10912223	84.393	173	26	1	801	972	10036	9864	7.82e-40	169
JO102934.1	PGEN_.00g172360::Scaffold_08:11594453-11662950	82.840	169	24	5	266	432	54574	54739	1.13e-33	147
JO102923.1	PGEN_.00g211610::Scaffold_10:20030253-20085347	80.392	153	26	4	3422	3572	27968	28118	8.07e-23	113
JO102877.1	PGEN_.00g007980::Scaffold_01:19917223-19928812	81.818	187	34	0	535	721	11396	11582	2.15e-36	158
JO102837.1	PGEN_.00g221780::Scaffold_10:46150577-46161799	79.348	184	34	4	534	715	5674	5493	2.28e-27	126
JO102830.1	PGEN_.00g183550::Scaffold_08:40840568-40871296	82.069	145	26	0	257	401	26915	26771	3.69e-27	124
JO102812.1	PGEN_.00g119420::Scaffold_05:42393817-42400734	80.128	156	31	0	105	260	6752	6907	8.26e-25	117
JO102759.1	PGEN_.00g026980::Scaffold_01:74541793-74591327	78.212	179	36	3	103	280	41852	41676	1.59e-22	111
JO102546.1	PGEN_.00g049760::Scaffold_02:45956721-45972454	82.283	254	45	0	2660	2913	15480	15733	3.60e-55	220
JO102493.1	PGEN_.00g233610::Scaffold_11:27130927-27139133	84.169	638	99	2	568	1204	2805	2169	4.47e-175	617
JO102435.1	PGEN_.00g224420::Scaffold_10:53090420-53092108	84.595	740	108	3	67	803	952	1688	0.0	730
JO102401.1	PGEN_.00g231880::Scaffold_11:22515351-22527154	88.235	102	12	0	11	112	1903	2004	3.64e-26	122
JO102332.1	PGEN_.00g149780::Scaffold_06:53582506-53632539	83.568	213	33	2	3396	3607	41046	41257	3.25e-48	198
JO102318.1	PGEN_.00g217810::Scaffold_10:36106697-36132481	88.344	163	13	5	2200	2359	6174	6333	3.07e-46	191
JO102306.1	PGEN_.00g075130::Scaffold_03:49271480-49320899	82.166	157	26	2	1423	1578	41755	41910	3.00e-29	134
JO102286.1	PGEN_.00g102230::Scaffold_04:61170576-61178433	90.625	96	9	0	468	563	7762	7857	1.04e-27	128
JO102268.1	PGEN_.00g045220::Scaffold_02:34076470-34082117	79.048	1093	219	10	325	1412	1130	43	0.0	741
JO102234.1	PGEN_.00g204100::Scaffold_09:38126164-38134407	85.091	550	82	0	570	1119	2089	1540	1.93e-158	562
JO102225.1	PGEN_.00g205750::Scaffold_10:4111154-4135596	81.183	186	33	2	756	940	16176	16360	1.25e-33	148
JO102183.1	PGEN_.00g310760::Scaffold_15:35178817-35212030	87.662	154	17	2	434	585	21403	21556	8.51e-43	178
JO102166.1	PGEN_.00g089320::Scaffold_04:27718217-27737367	83.761	117	19	0	370	486	7131	7247	6.23e-23	111
JO102138.1	PGEN_.00g197780::Scaffold_09:19463834-19495031	83.459	133	22	0	1522	1654	29575	29707	1.87e-26	124
JO102121.1	PGEN_.00g033340::Scaffold_02:169133-204814	85.629	167	24	0	86	252	31037	31203	2.52e-42	176
JO102112.1	PGEN_.00g170920::Scaffold_08:7407420-7484228	82.836	134	23	0	106	239	38148	38015	6.84e-26	121
JO102064.1	PGEN_.00g338640::Scaffold_17:33213032-33233895	85.135	148	20	2	389	535	5539	5685	2.50e-34	150
JO102060.1	PGEN_.00g016410::Scaffold_01:43852979-43863088	82.166	157	28	0	715	871	3712	3868	1.15e-29	135
JO102052.1	PGEN_.00g290450::Scaffold_14:32769882-32783169	82.432	370	63	2	112	480	13281	12913	4.84e-86	322
JO101999.1	PGEN_.00g163060::Scaffold_07:28602352-28625108	86.239	109	15	0	678	786	11304	11412	8.69e-25	119
JO101983.1	PGEN_.00g003630::Scaffold_01:9094056-9114982	90.984	122	11	0	223	344	20801	20922	2.65e-39	165
JO101967.1	PGEN_.00g091510::Scaffold_04:33245893-33249898	79.509	1425	261	18	9	1408	2577	3995	0.0	985
JO101966.1	PGEN_.00g042440::Scaffold_02:25871380-25912768	87.368	190	24	0	9499	9688	39266	39455	5.36e-54	219
JO101939.1	PGEN_.00g015220::Scaffold_01:40087293-40097368	80.374	214	42	0	187	400	276	63	2.64e-38	163
JO101857.1	PGEN_.00g246550::Scaffold_12:10888833-10902661	85.156	128	19	0	203	330	4004	4131	2.33e-29	132
JO101842.1	PGEN_.00g045430::Scaffold_02:34534413-34569746	96.899	129	4	0	600	728	33671	33543	4.66e-54	217
JO101820.1	PGEN_.00g224180::Scaffold_10:52432596-52435645	87.617	428	51	2	2	428	25	451	7.27e-139	496
JO101740.1	PGEN_.00g008040::Scaffold_01:20123365-20229166	85.906	149	21	0	3522	3670	32869	32721	1.85e-36	159
JO101720.1	PGEN_.00g269040::Scaffold_13:25936171-25955105	92.208	77	6	0	992	1068	77	1	3.06e-22	110
JO101664.1	PGEN_.00g215360::Scaffold_10:29885306-29897000	84.848	165	25	0	1507	1671	4541	4377	4.55e-39	167
JO101482.1	PGEN_.00g217330::Scaffold_10:34967113-35038571	83.060	183	31	0	2652	2834	60828	61010	6.61e-39	167
JO101475.1	PGEN_.00g120810::Scaffold_05:46294247-46319754	86.061	165	23	0	934	1098	15145	14981	2.19e-42	178
JO101392.1	PGEN_.00g224180::Scaffold_10:52432596-52435645	80.488	697	130	6	1	694	437	1130	1.58e-148	529
JO101379.1	PGEN_.00g060220::Scaffold_03:6709059-6713056	81.338	284	53	0	6	289	305	22	1.98e-59	231
JO101339.1	PGEN_.00g019400::Scaffold_01:52646081-52675177	88.571	105	12	0	497	601	14704	14600	1.76e-27	128
JO101283.1	PGEN_.00g330680::Scaffold_17:10272256-10344090	85.366	164	24	0	17	180	3348	3511	4.74e-41	171
JO101260.1	PGEN_.00g042680::Scaffold_02:26690168-26691879	78.603	229	46	3	11	238	1335	1109	2.56e-34	148
JO101233.1	PGEN_.00g160820::Scaffold_07:22407085-22434592	82.011	189	32	2	179	366	28	215	6.94e-37	159
JO101213.1	PGEN_.00g103530::Scaffold_04:64633352-64645834	85.903	227	32	0	110	336	1968	1742	8.37e-63	243
EF520699.1	PGEN_.00g064470::Scaffold_03:17445927-17465850	81.026	195	35	2	136	329	8629	8822	3.92e-36	154
GQ384406.1	PGEN_.00g048720::Scaffold_02:43410947-43417430	83.648	159	25	1	1	158	117	275	1.62e-34	150
AY916801.1	PGEN_.00g037790::Scaffold_02:12667055-12668346	86.926	283	37	0	58	340	1291	1009	3.99e-85	318
