PGEN_.00g000300::Scaffold_01:503707-557915	AM873085.1	80.745	161	25	6	1902	2058	608	450	4.77e-25	121
PGEN_.00g000970::Scaffold_01:1970367-1991359	JO122367.1	85.217	115	16	1	17344	17458	221	108	2.39e-24	117
PGEN_.00g001730::Scaffold_01:3585240-3594053	AM877583.1	80.531	226	36	6	1	222	82	303	9.83e-40	167
PGEN_.00g002420::Scaffold_01:5732605-5754981	JO108664.1	88.722	133	15	0	9741	9873	8	140	3.23e-38	163
PGEN_.00g002430::Scaffold_01:5761729-5830003	JO102954.1	93.396	106	7	0	5709	5814	148	253	4.58e-36	158
PGEN_.00g002480::Scaffold_01:5933156-5984637	JO119744.1	84.000	125	20	0	22342	22466	656	780	4.53e-25	121
PGEN_.00g002510::Scaffold_01:6053072-6090279	JO123604.1	75.554	1579	373	11	11666	13239	2443	873	0.0	765
PGEN_.00g002750::Scaffold_01:6722689-6757020	JO119824.1	85.315	143	15	6	1	140	111	250	6.45e-32	143
PGEN_.00g003180::Scaffold_01:7982531-7986829	AM873085.1	82.759	145	20	5	1877	2017	450	593	2.92e-27	124
PGEN_.00g003240::Scaffold_01:8147720-8157455	AM873085.1	82.069	145	21	5	7717	7857	450	593	3.09e-25	119
PGEN_.00g003630::Scaffold_01:9094056-9114982	AM875715.1	91.803	122	10	0	20801	20922	327	448	1.81e-40	171
PGEN_.00g003890::Scaffold_01:9981218-10004414	JO123495.1	86.869	99	9	3	8130	8226	97	1	1.59e-21	108
PGEN_.00g004180::Scaffold_01:10891637-10912223	JO102952.1	84.393	173	26	1	9864	10036	972	801	6.39e-40	169
PGEN_.00g004260::Scaffold_01:11020714-11077206	JO116843.1	82.011	189	25	4	21	200	2677	2489	1.76e-34	152
PGEN_.00g005480::Scaffold_01:13725578-13827565	JO113750.1	90.196	102	10	0	19181	19282	142	41	1.15e-28	134
PGEN_.00g005670::Scaffold_01:14385195-14420035	JO108939.1	86.076	158	22	0	17573	17730	1082	1239	3.00e-40	171
PGEN_.00g006140::Scaffold_01:15487215-15500399	JO103349.1	90.217	92	9	0	8756	8847	413	504	1.16e-25	121
PGEN_.00g006800::Scaffold_01:16877837-16886219	AM877246.1	77.890	493	105	4	29	517	79	571	6.83e-81	303
PGEN_.00g007860::Scaffold_01:19770707-19772944	GAEH01001848.1	83.465	1010	162	5	1	1008	684	1690	0.0	935
PGEN_.00g007870::Scaffold_01:19789621-19794144	GAEH01001848.1	84.836	1009	150	3	3515	4522	1690	684	0.0	1013
PGEN_.00g007880::Scaffold_01:19800483-19804989	GAEH01001848.1	84.965	1011	147	2	3498	4506	1690	683	0.0	1020
PGEN_.00g007980::Scaffold_01:19917223-19928812	JO102877.1	81.818	187	34	0	11396	11582	535	721	7.78e-37	158
PGEN_.00g008030::Scaffold_01:20085937-20113770	JO113847.1	77.725	211	43	4	11256	11464	864	656	5.27e-27	126
PGEN_.00g008040::Scaffold_01:20123365-20229166	JO101740.1	85.906	149	21	0	32721	32869	3670	3522	1.97e-36	159
PGEN_.00g008080::Scaffold_01:20329294-20354610	JO110167.1	76.699	309	70	2	4302	4609	1937	2244	2.18e-40	171
PGEN_.00g008130::Scaffold_01:20558005-20744692	JO107549.1	82.381	420	72	2	10272	10690	1577	1995	6.86e-98	364
PGEN_.00g009300::Scaffold_01:24181848-24192589	JO114139.1	95.455	88	3	1	7933	8020	1	87	2.61e-31	139
PGEN_.00g012430::Scaffold_01:32201192-32224834	AM873085.1	80.556	144	25	3	17055	17195	450	593	1.62e-21	108
PGEN_.00g013290::Scaffold_01:34512421-34532313	JO119639.1	86.709	158	21	0	4084	4241	2193	2036	3.69e-42	176
PGEN_.00g013370::Scaffold_01:34648322-34677390	JO113726.1	78.571	182	39	0	23489	23670	207	26	2.56e-25	121
PGEN_.00g013380::Scaffold_01:34687119-34738449	JO108225.1	89.873	237	24	0	39793	40029	420	184	1.16e-80	305
PGEN_.00g013420::Scaffold_01:34795781-34815410	AM873085.1	81.379	145	24	3	9980	10121	450	594	8.05e-24	115
PGEN_.00g014100::Scaffold_01:36647816-36652793	JO109311.1	76.763	241	51	5	4415	4653	238	1	7.27e-29	130
PGEN_.00g015220::Scaffold_01:40087293-40097368	JO101939.1	80.374	214	42	0	63	276	400	187	1.45e-38	163
PGEN_.00g016290::Scaffold_01:43515632-43587080	JO109705.1	82.573	241	33	4	67036	67270	2113	2350	6.07e-50	204
PGEN_.00g016410::Scaffold_01:43852979-43863088	JO102060.1	82.166	157	28	0	3712	3868	715	871	3.18e-30	135
PGEN_.00g016570::Scaffold_01:44257157-44308758	JO107344.1	81.614	223	39	2	33339	33560	338	559	5.72e-44	183
PGEN_.00g016590::Scaffold_01:44345210-44369080	JO104981.1	89.726	146	15	0	9029	9174	55	200	2.05e-45	187
PGEN_.00g016860::Scaffold_01:45201848-45213053	JO103404.1	85.600	125	16	2	3581	3704	124	1	1.64e-28	130
PGEN_.00g016870::Scaffold_01:45329925-45330404	GAEH01000038.1	80.952	462	84	4	1	460	14	473	6.08e-100	363
PGEN_.00g017010::Scaffold_01:45935267-45945468	JO114412.1	92.000	75	6	0	4452	4526	260	334	2.52e-21	106
PGEN_.00g017860::Scaffold_01:48136795-48272553	JO104898.1	90.000	120	11	1	66290	66408	80	199	1.18e-34	154
PGEN_.00g019070::Scaffold_01:51725344-51742133	JO122030.1	87.368	95	12	0	13586	13680	359	265	3.20e-22	110
PGEN_.00g019200::Scaffold_01:52008632-52058486	JO115661.1	81.013	632	99	12	49213	49838	509	1125	4.86e-134	483
PGEN_.00g019400::Scaffold_01:52646081-52675177	JO101339.1	87.963	108	13	0	14600	14707	601	494	1.53e-27	128
PGEN_.00g019760::Scaffold_01:54091458-54107147	JO104209.1	83.453	139	22	1	7080	7218	223	360	8.26e-28	128
PGEN_.00g020860::Scaffold_01:56781648-56796396	JO103033.1	88.288	111	9	3	10882	10991	448	555	2.16e-28	130
PGEN_.00g021170::Scaffold_01:57270958-57313441	JO122816.1	92.473	93	7	0	30759	30851	1049	957	4.81e-29	134
PGEN_.00g021330::Scaffold_01:57654773-57674949	JO115145.1	78.917	351	66	5	19826	20176	381	39	7.87e-59	231
PGEN_.00g021430::Scaffold_01:57967952-57986745	JO116722.1	88.119	101	12	0	12582	12682	1113	1013	1.66e-25	121
PGEN_.00g021940::Scaffold_01:59628564-59664565	JO103340.1	80.829	193	37	0	22269	22461	1121	1313	1.12e-34	152
PGEN_.00g022130::Scaffold_01:60238838-60256130	JO106723.1	80.859	256	41	7	14320	14570	272	20	8.85e-48	195
PGEN_.00g022420::Scaffold_01:61131166-61211539	JO109535.1	83.544	158	26	0	43388	43545	1922	1765	3.24e-33	148
PGEN_.00g022750::Scaffold_01:61969703-62002275	JO119441.1	80.952	210	40	0	7349	7558	1868	1659	3.63e-39	167
PGEN_.00g022820::Scaffold_01:62452960-62491055	JO107303.1	83.051	118	20	0	25989	26106	395	512	2.61e-21	108
PGEN_.00g023320::Scaffold_01:64215978-64252168	JO106723.1	77.358	265	52	7	33226	33485	272	11	4.06e-34	150
PGEN_.00g023910::Scaffold_01:65947002-66036701	JO118457.1	83.969	131	19	2	69389	69518	122	251	6.10e-26	124
PGEN_.00g023990::Scaffold_01:66219310-66228413	JO119993.1	83.000	200	34	0	8904	9103	530	729	3.63e-44	182
PGEN_.00g024270::Scaffold_01:66901394-66927757	JO111973.1	83.200	125	21	0	7305	7429	816	692	1.08e-23	115
PGEN_.00g024520::Scaffold_01:67734635-67748271	JO113858.1	83.333	228	38	0	918	1145	365	138	6.93e-53	211
PGEN_.00g024540::Scaffold_01:67767963-67786196	JO112800.1	91.453	117	10	0	16919	17035	126	10	9.47e-38	161
PGEN_.00g025510::Scaffold_01:70634316-70712415	JO116782.1	80.392	408	68	11	15197	15598	578	177	8.22e-79	300
PGEN_.00g025530::Scaffold_01:70738879-70863837	JO107208.1	82.803	157	18	5	20499	20654	992	844	5.08e-28	132
PGEN_.00g025770::Scaffold_01:71558656-71569386	JO116467.1	89.286	84	7	2	5901	5983	327	245	9.53e-21	104
PGEN_.00g026980::Scaffold_01:74541793-74591327	JO102759.1	78.212	179	36	3	41676	41852	280	103	2.63e-22	111
PGEN_.00g027360::Scaffold_01:75907469-75943080	JO108026.1	82.270	141	23	2	19012	19151	6	145	3.14e-25	121
PGEN_.00g027380::Scaffold_01:75979106-76045024	JO119799.1	77.470	253	53	4	55737	55987	1	251	2.66e-33	148
PGEN_.00g027840::Scaffold_01:76968781-76992428	JO119896.1	83.125	160	27	0	23486	23645	535	694	3.44e-33	147
PGEN_.00g028060::Scaffold_01:77460909-77481463	AM873085.1	80.864	162	23	8	19214	19370	608	450	1.81e-25	121
PGEN_.00g028280::Scaffold_01:78164630-78265700	JO115844.1	83.041	171	26	3	61742	61911	4792	4624	3.15e-34	152
PGEN_.00g028310::Scaffold_01:78309410-78335352	JO107714.1	88.839	224	25	0	22151	22374	455	678	4.61e-72	276
PGEN_.00g028330::Scaffold_01:78368455-78385123	JO103582.1	86.486	111	15	0	11924	12034	383	273	4.08e-26	122
PGEN_.00g028390::Scaffold_01:78496122-78508138	JK845853.1	85.437	103	15	0	8997	9099	381	483	8.24e-22	108
PGEN_.00g029430::Scaffold_01:80898880-80901911	JG392140.1	85.566	866	123	2	251	1115	1	865	0.0	905
PGEN_.00g029460::Scaffold_01:80906399-80932632	AM873085.1	80.690	145	23	5	15571	15711	450	593	1.80e-21	108
PGEN_.00g030100::Scaffold_01:82365430-82390012	JO106723.1	77.429	319	62	10	23007	23317	35	351	9.80e-44	182
PGEN_.00g031030::Scaffold_01:84441852-84452127	JO112966.1	90.000	90	9	0	3802	3891	676	765	1.17e-24	117
PGEN_.00g031390::Scaffold_01:85880535-85890855	GAEH01006040.1	82.609	276	44	4	8794	9068	282	10	6.69e-62	241
PGEN_.00g031510::Scaffold_01:86039880-86075028	JO111458.1	90.000	140	12	2	32061	32199	578	440	5.03e-43	180
PGEN_.00g031880::Scaffold_01:86897644-86928309	JO122337.1	76.221	614	117	25	4	607	21	615	1.16e-78	298
PGEN_.00g032160::Scaffold_01:87517014-87526727	JO107936.1	84.375	128	18	2	46	172	1943	1817	6.62e-27	124
PGEN_.00g033260::Scaffold_01:89477440-89493698	GAEH01001452.1	77.642	246	51	3	14411	14654	293	536	2.36e-33	147
PGEN_.00g033270::Scaffold_01:89509716-89543234	JO104265.1	83.673	147	24	0	17364	17510	1366	1512	8.15e-31	139
PGEN_.00g033300::Scaffold_01:89601769-89638524	JO112457.1	83.889	180	29	0	16434	16613	1862	1683	8.81e-41	172
PGEN_.00g033320::Scaffold_02:77047-111398	AM872387.1	80.556	144	24	4	7889	8030	306	447	2.35e-21	108
PGEN_.00g033340::Scaffold_02:169133-204814	JO102121.1	85.629	167	24	0	31037	31203	86	252	6.61e-42	176
PGEN_.00g033480::Scaffold_02:502828-522319	AM873085.1	78.387	310	48	12	9037	9332	307	3	2.16e-44	183
PGEN_.00g033980::Scaffold_02:2250307-2314472	AM873085.1	79.029	453	72	16	62039	62475	3	448	1.46e-75	289
PGEN_.00g034340::Scaffold_02:3574122-3709463	GAEH01000723.1	89.583	96	10	0	131393	131488	103	8	3.31e-25	122
PGEN_.00g035180::Scaffold_02:5614989-5621767	JO108011.1	85.345	116	15	1	3027	3142	401	288	2.15e-25	119
PGEN_.00g035900::Scaffold_02:7269337-7326994	AM873085.1	81.366	161	24	6	12285	12441	450	608	1.09e-26	126
PGEN_.00g036130::Scaffold_02:8036268-8046019	JO112812.1	87.786	131	16	0	6439	6569	1262	1392	8.47e-36	154
PGEN_.00g036470::Scaffold_02:8707214-8723507	GAEH01001686.1	75.901	444	77	14	1728	2151	702	269	1.79e-49	200
PGEN_.00g036820::Scaffold_02:9496532-9501582	JO111885.1	83.529	255	42	0	3725	3979	724	470	1.17e-61	239
PGEN_.00g037370::Scaffold_02:11357569-11447291	JO112406.1	82.993	147	24	1	49938	50083	352	206	3.65e-28	132
PGEN_.00g037790::Scaffold_02:12667055-12668346	KX454488.1	87.633	283	35	0	1009	1291	348	66	1.71e-89	329
PGEN_.00g038910::Scaffold_02:15843428-15854375	GAEH01000138.1	78.736	174	27	10	4054	4221	330	499	7.51e-22	108
PGEN_.00g039300::Scaffold_02:16703395-16722042	JO105960.1	78.947	190	34	4	8036	8219	953	764	1.27e-26	124
PGEN_.00g039960::Scaffold_02:18899035-18939530	JO112170.1	81.429	210	39	0	4436	4645	30	239	9.71e-41	172
PGEN_.00g040150::Scaffold_02:19277062-19281162	JO123379.1	91.250	80	5	2	147	225	160	238	2.81e-22	108
PGEN_.00g041050::Scaffold_02:21562594-21617712	JO107751.1	86.875	160	21	0	26680	26839	908	1067	7.90e-43	180
PGEN_.00g041210::Scaffold_02:22058258-22115901	AM873085.1	80.124	161	26	6	43865	44021	608	450	2.36e-23	115
PGEN_.00g041500::Scaffold_02:23358523-23415473	JO110467.1	86.508	126	17	0	4936	5061	2819	2694	1.38e-30	139
PGEN_.00g042280::Scaffold_02:25464387-25570669	JO103631.1	84.106	151	24	0	93818	93968	960	1110	1.54e-32	147
PGEN_.00g042430::Scaffold_02:25824807-25870861	JO101966.1	82.629	213	37	0	31074	31286	2578	2790	1.10e-45	189
PGEN_.00g042440::Scaffold_02:25871380-25912768	JO101966.1	87.368	190	24	0	39266	39455	9499	9688	1.26e-54	219
PGEN_.00g042650::Scaffold_02:26540833-26565383	AM873085.1	80.745	161	25	6	13314	13470	608	450	2.16e-25	121
PGEN_.00g042670::Scaffold_02:26678785-26681488	GAEH01001848.1	72.468	1017	245	32	1691	2690	1688	690	1.32e-78	294
PGEN_.00g042680::Scaffold_02:26690168-26691879	JG392135.1	75.224	335	78	4	1109	1440	874	542	1.47e-36	154
PGEN_.00g043180::Scaffold_02:28032600-28045181	AM873085.1	76.211	475	87	20	8788	9246	3	467	6.34e-58	228
PGEN_.00g043190::Scaffold_02:28072858-28089443	JO122818.1	89.474	171	18	0	10505	10675	1697	1527	1.81e-54	217
PGEN_.00g043220::Scaffold_02:28115269-28146802	JO106239.1	78.884	251	46	7	5926	6173	2367	2121	4.55e-38	163
PGEN_.00g044130::Scaffold_02:30926081-30961123	JO123987.1	84.211	133	21	0	18827	18959	1875	1743	5.13e-28	130
PGEN_.00g044480::Scaffold_02:31650980-31685287	JO123987.1	83.942	137	22	0	15127	15263	1739	1875	1.40e-28	132
PGEN_.00g044950::Scaffold_02:33007987-33022391	AM873085.1	80.247	162	24	7	8675	8831	450	608	5.90e-24	115
PGEN_.00g045020::Scaffold_02:33188614-33268700	JO119656.1	83.755	277	45	0	52364	52640	6158	5882	1.11e-67	263
PGEN_.00g045110::Scaffold_02:33485286-33487777	JO108284.1	87.037	108	14	0	2384	2491	190	83	6.06e-27	122
PGEN_.00g045220::Scaffold_02:34076470-34082117	JG392140.1	90.185	866	83	2	248	1112	1	865	0.0	1127
PGEN_.00g045430::Scaffold_02:34534413-34569746	JO101842.1	96.899	129	4	0	33543	33671	728	600	3.86e-54	217
PGEN_.00g045510::Scaffold_02:34817206-34858146	JO113545.1	82.320	181	32	0	35208	35388	3643	3463	2.75e-36	158
PGEN_.00g045760::Scaffold_02:35599732-35624307	JO116576.1	84.536	194	28	2	20469	20661	1290	1098	1.63e-46	191
PGEN_.00g046360::Scaffold_02:37325215-37348539	JO110510.1	81.731	208	34	4	20540	20745	1667	1872	2.01e-40	171
PGEN_.00g046540::Scaffold_02:37759316-37773307	AM873085.1	80.282	213	35	6	2559	2766	593	383	1.21e-35	154
PGEN_.00g046630::Scaffold_02:38004759-38006072	GAEH01004587.1	76.980	404	89	4	912	1313	19	420	6.54e-59	228
PGEN_.00g047850::Scaffold_02:40838006-40873020	JO103080.1	84.921	126	14	5	17306	17429	1267	1389	8.57e-26	122
PGEN_.00g048070::Scaffold_02:41652121-41663543	JO112775.1	80.513	195	36	2	16	209	1300	1107	4.61e-34	148
PGEN_.00g048560::Scaffold_02:43190346-43208963	GAEH01002045.1	89.493	276	27	2	2	276	364	90	6.91e-94	348
PGEN_.00g048610::Scaffold_02:43273388-43290537	JO111569.1	84.106	151	18	5	8347	8492	492	641	1.16e-31	141
PGEN_.00g048640::Scaffold_02:43322664-43328725	GAEH01002045.1	86.765	272	34	2	5789	6059	94	364	1.77e-80	302
PGEN_.00g048650::Scaffold_02:43337096-43337365	GAEH01002045.1	87.072	263	32	2	6	267	103	364	3.38e-80	296
PGEN_.00g048660::Scaffold_02:43348499-43348768	GAEH01002045.1	89.552	268	26	2	1	267	98	364	5.54e-93	339
PGEN_.00g048680::Scaffold_02:43382243-43382512	GAEH01002523.1	85.714	266	38	0	4	269	876	611	9.48e-76	281
PGEN_.00g048690::Scaffold_02:43388370-43388639	GAEH01002523.1	85.714	259	35	2	12	269	868	611	5.70e-73	272
PGEN_.00g048700::Scaffold_02:43395821-43396090	GAEH01002045.1	87.687	268	33	0	2	269	364	97	3.36e-85	313
PGEN_.00g048720::Scaffold_02:43410947-43417430	GAEH01002523.1	87.259	259	33	0	12	270	868	610	8.83e-79	296
PGEN_.00g048730::Scaffold_02:43417459-43417692	GAEH01002045.1	89.177	231	25	0	1	231	134	364	4.83e-78	289
PGEN_.00g048740::Scaffold_02:43425913-43435322	GAEH01003602.1	83.396	265	42	2	6	269	115	378	4.72e-63	244
PGEN_.00g049180::Scaffold_02:44649243-44661386	AM873085.1	76.936	581	93	25	7448	8009	561	3	2.14e-77	292
PGEN_.00g049490::Scaffold_02:45287691-45295094	GAEH01000201.1	87.963	108	13	0	1	108	625	518	3.90e-28	128
PGEN_.00g049580::Scaffold_02:45510909-45516862	JO123730.1	88.199	161	18	1	2171	2331	167	8	3.94e-47	191
PGEN_.00g049760::Scaffold_02:45956721-45972454	JO102546.1	82.283	254	45	0	15480	15733	2660	2913	1.33e-55	220
PGEN_.00g050570::Scaffold_02:48431041-48557150	JO123667.1	85.586	111	16	0	122191	122301	509	399	1.44e-23	117
PGEN_.00g050780::Scaffold_02:49093276-49194745	GAEH01004057.1	82.530	166	29	0	2593	2758	398	233	1.47e-32	147
PGEN_.00g051500::Scaffold_02:51009813-51133441	JO120902.1	96.032	126	5	0	39259	39384	873	748	2.92e-50	206
PGEN_.00g051900::Scaffold_02:52395350-52529488	GAEH01006053.1	87.838	222	18	5	19849	20068	3	217	4.01e-64	252
PGEN_.00g052100::Scaffold_02:53125251-53164093	JO112369.1	95.745	94	4	0	1	94	2339	2246	1.21e-34	152
PGEN_.00g052230::Scaffold_02:53416446-53421196	JO106723.1	79.851	268	42	9	3896	4155	268	5	1.46e-45	185
PGEN_.00g052560::Scaffold_02:53790931-53801106	GAEH01001868.1	77.429	350	67	10	22	365	1433	1090	4.03e-49	198
PGEN_.00g052860::Scaffold_02:54656838-54687836	JO116387.1	82.645	121	21	0	21539	21659	447	567	2.12e-21	108
PGEN_.00g053950::Scaffold_02:57085922-57110274	JO114506.1	90.722	97	9	0	7106	7202	1391	1487	3.57e-28	130
PGEN_.00g053960::Scaffold_02:57118708-57126541	JO119970.1	78.261	230	50	0	3644	3873	801	1030	3.16e-34	148
PGEN_.00g054060::Scaffold_02:57542626-57543303	JO111517.1	84.314	153	22	2	366	517	163	314	2.66e-35	148
PGEN_.00g054300::Scaffold_02:58638147-58674559	JO120825.1	87.129	101	13	0	10788	10888	387	487	1.49e-23	115
PGEN_.00g054990::Scaffold_02:60420409-60466283	JO121646.1	76.015	542	105	12	32688	33221	318	842	2.95e-66	257
PGEN_.00g055140::Scaffold_02:60938751-60974193	JO120977.1	83.841	328	53	0	21262	21589	587	260	4.80e-83	313
PGEN_.00g055310::Scaffold_02:61427959-61463441	JO109314.1	83.478	230	38	0	3660	3889	1154	925	1.39e-53	215
PGEN_.00g055380::Scaffold_02:61614880-61624426	JO109861.1	74.786	1285	290	32	8210	9479	109	1374	3.26e-154	547
PGEN_.00g055700::Scaffold_02:62690514-62695656	JO110803.1	82.143	532	90	3	4596	5124	902	1431	1.41e-125	451
PGEN_.00g055800::Scaffold_02:62826844-62867504	JO117286.1	88.679	159	18	0	16882	17040	362	520	2.08e-47	195
PGEN_.00g055950::Scaffold_02:63159405-63170067	JO105653.1	77.143	280	49	7	4061	4338	262	528	4.31e-34	148
PGEN_.00g056220::Scaffold_02:64424876-64436672	JO115381.1	83.206	131	20	2	7025	7154	965	1094	3.74e-25	119
PGEN_.00g056440::Scaffold_02:65341033-65351491	JO122562.1	91.089	101	8	1	2392	2491	153	53	3.29e-30	135
PGEN_.00g056590::Scaffold_02:66057246-66093261	JO113036.1	83.916	143	23	0	35827	35969	503	645	3.15e-30	137
PGEN_.00g058280::Scaffold_03:205030-313977	JO103222.1	88.265	196	23	0	36541	36736	2681	2876	3.28e-59	235
PGEN_.00g058760::Scaffold_03:1799189-1814400	JO122562.1	92.857	98	7	0	11924	12021	150	53	2.86e-32	143
PGEN_.00g059540::Scaffold_03:4362376-4371423	JO117254.1	88.889	135	15	0	547	681	268	402	1.01e-39	167
PGEN_.00g059760::Scaffold_03:4938560-4994077	JO104267.1	98.425	127	2	0	55391	55517	246	120	3.62e-56	224
PGEN_.00g060170::Scaffold_03:6550125-6575239	AM872387.1	79.932	294	47	11	17834	18121	160	447	5.94e-51	206
PGEN_.00g060220::Scaffold_03:6709059-6713056	JG392140.1	86.443	863	115	2	248	1109	1	862	0.0	944
PGEN_.00g060410::Scaffold_03:7185345-7265335	AM873085.1	80.745	161	25	6	68369	68525	450	608	7.04e-25	121
PGEN_.00g060820::Scaffold_03:8156240-8171107	JO105295.1	86.735	98	13	0	5405	5502	1185	1088	2.83e-22	110
PGEN_.00g061340::Scaffold_03:9735141-9771666	JO119775.1	83.871	124	20	0	30689	30812	764	887	1.16e-24	119
PGEN_.00g061400::Scaffold_03:9920058-9941963	JO123174.1	86.364	176	24	0	18193	18368	484	659	4.03e-47	193
PGEN_.00g062750::Scaffold_03:13464440-13499892	JO119379.1	79.394	165	30	4	33004	33166	256	94	5.22e-23	113
PGEN_.00g062800::Scaffold_03:13593452-13615421	JO113177.1	86.957	115	15	0	9404	9518	621	735	3.22e-28	130
PGEN_.00g062820::Scaffold_03:13647076-13680568	GAEH01000138.1	80.628	191	25	12	25472	25657	307	490	2.93e-30	137
PGEN_.00g063400::Scaffold_03:15212027-15234502	JO111697.1	80.473	169	33	0	4624	4792	583	751	3.29e-28	130
PGEN_.00g063790::Scaffold_03:15979720-15998650	GAEH01002952.1	89.189	111	12	0	14071	14181	599	709	4.61e-31	139
PGEN_.00g063840::Scaffold_03:16072599-16096192	GAEH01003504.1	83.108	148	25	0	13018	13165	535	682	7.43e-30	135
PGEN_.00g064200::Scaffold_03:16831532-16842807	JO120051.1	87.395	119	15	0	7295	7413	803	685	9.86e-31	137
PGEN_.00g064470::Scaffold_03:17445927-17465850	EF520699.1	81.026	195	35	2	8629	8822	136	329	1.73e-35	154
PGEN_.00g064680::Scaffold_03:18667520-18689208	JO105662.1	81.726	197	34	2	5404	5599	3229	3034	3.13e-38	163
PGEN_.00g064740::Scaffold_03:18809878-18851487	JO121895.1	88.235	102	12	0	12624	12725	2096	2197	1.02e-25	122
PGEN_.00g065020::Scaffold_03:19802569-19835352	JO113716.1	80.573	314	53	4	12331	12643	25	331	9.88e-60	235
PGEN_.00g065390::Scaffold_03:20815602-20822477	JO109007.1	89.655	87	9	0	5808	5894	128	42	3.64e-23	111
PGEN_.00g066960::Scaffold_03:25134234-25195450	AM872387.1	79.863	293	47	11	56873	57159	446	160	5.20e-50	204
PGEN_.00g067160::Scaffold_03:25740404-25746778	JO105773.1	80.526	190	35	2	6146	6334	226	38	3.33e-33	145
PGEN_.00g069870::Scaffold_03:32918963-32934808	AM873085.1	82.069	145	21	5	8297	8437	450	593	5.02e-25	119
PGEN_.00g069950::Scaffold_03:33121469-33164706	JO113532.1	78.571	168	32	4	36864	37029	424	589	2.96e-21	108
PGEN_.00g070350::Scaffold_03:34295740-34304467	GAEH01001341.1	86.170	188	26	0	8530	8717	830	1017	7.42e-51	204
PGEN_.00g070510::Scaffold_03:34814082-34865787	JO107472.1	92.105	152	12	0	18937	19088	742	591	2.03e-53	215
PGEN_.00g070750::Scaffold_03:35578777-35678307	JO103011.1	83.333	240	38	2	53857	54095	274	36	8.39e-55	220
PGEN_.00g072020::Scaffold_03:39391600-39445644	JO122015.1	80.374	214	40	2	1	213	155	367	2.80e-37	161
PGEN_.00g073340::Scaffold_03:42883240-42911735	JO120533.1	77.232	224	32	10	13541	13751	225	442	4.20e-23	113
PGEN_.00g074510::Scaffold_03:47251221-47258593	JO107396.1	91.358	81	7	0	3931	4011	194	274	3.91e-23	111
PGEN_.00g075130::Scaffold_03:49271480-49320899	JO102306.1	82.166	157	26	2	41755	41910	1423	1578	5.59e-29	134
PGEN_.00g076120::Scaffold_03:51878469-51910252	JO112486.1	87.978	183	20	2	15528	15709	358	177	1.25e-53	215
PGEN_.00g076690::Scaffold_03:53387734-53414101	JO122562.1	93.750	96	6	0	22158	22253	148	53	1.38e-32	145
PGEN_.00g077980::Scaffold_03:56555174-56572171	JO107945.1	76.078	510	120	2	2044	2552	49	557	6.54e-69	265
PGEN_.00g078040::Scaffold_03:56726784-56787647	JO118718.1	84.942	259	39	0	81	339	14	272	8.41e-68	263
PGEN_.00g080190::Scaffold_04:4331208-4355068	JO105150.1	80.631	222	43	0	3488	3709	607	386	5.72e-41	172
PGEN_.00g080200::Scaffold_04:4356663-4367937	AM875972.1	83.036	224	35	3	11040	11263	345	565	1.24e-49	200
PGEN_.00g080420::Scaffold_04:4882859-4923096	JO111929.1	77.228	202	38	8	17031	17228	272	75	2.13e-22	111
PGEN_.00g080990::Scaffold_04:6525658-6556643	JO104143.1	78.033	305	48	12	1409	1712	1618	1332	2.06e-41	174
PGEN_.00g081000::Scaffold_04:6562308-6600640	JO123333.1	90.351	114	11	0	17121	17234	752	865	4.31e-34	150
PGEN_.00g081800::Scaffold_04:8434200-8470280	JO119572.1	85.553	443	62	2	1430	1871	5769	5328	4.58e-128	462
PGEN_.00g082960::Scaffold_04:11059086-11070611	AM872387.1	79.100	311	51	13	1435	1738	463	160	3.52e-50	202
PGEN_.00g083310::Scaffold_04:11731455-11748698	GAEH01000481.1	86.447	819	111	0	5947	6765	1417	599	0.0	898
PGEN_.00g083320::Scaffold_04:11772802-11795974	JO110565.1	81.065	169	32	0	12046	12214	1224	1392	7.29e-30	135
PGEN_.00g083720::Scaffold_04:12680281-12726317	AM873085.1	80.745	161	25	6	2844	3000	450	608	4.05e-25	121
PGEN_.00g084240::Scaffold_04:13992102-14037567	AM873085.1	79.503	161	27	6	30838	30994	608	450	8.67e-22	110
PGEN_.00g084870::Scaffold_04:15545020-15559173	JO106723.1	76.385	343	63	12	11995	12330	20	351	4.39e-40	169
PGEN_.00g085010::Scaffold_04:15977474-15993429	JO103214.1	85.859	198	23	4	14706	14900	1534	1729	3.77e-51	206
PGEN_.00g085420::Scaffold_04:16868515-16964019	JO118511.1	91.262	103	9	0	18	120	8	110	6.45e-31	141
PGEN_.00g086090::Scaffold_04:19050646-19060239	JO115081.1	86.139	101	12	2	2376	2475	242	143	6.58e-22	108
PGEN_.00g086160::Scaffold_04:19175373-19186177	JO122284.1	85.106	141	12	8	10378	10516	136	3	3.40e-30	135
PGEN_.00g087200::Scaffold_04:22078517-22096921	JO118088.1	85.484	124	18	0	1987	2110	132	255	2.69e-28	130
PGEN_.00g088650::Scaffold_04:25667935-25674933	JO116407.1	84.000	250	38	2	5187	5435	880	632	1.63e-61	239
PGEN_.00g089160::Scaffold_04:27250647-27328950	JO120533.1	92.941	85	6	0	25267	25351	309	225	5.33e-26	124
PGEN_.00g089320::Scaffold_04:27718217-27737367	JO102166.1	83.761	117	19	0	7131	7247	370	486	1.02e-22	111
PGEN_.00g089370::Scaffold_04:27874757-27930228	AM873085.1	78.167	600	102	23	2441	3020	593	3	1.23e-95	355
PGEN_.00g089960::Scaffold_04:29889069-29907327	JO115193.1	86.957	138	18	0	5341	5478	2473	2336	4.41e-36	156
PGEN_.00g091100::Scaffold_04:32302338-32307961	JO114961.1	76.149	348	77	4	4742	5086	6	350	2.89e-43	178
PGEN_.00g091110::Scaffold_04:32317578-32329383	JO114961.1	77.077	349	72	6	804	1148	350	6	6.04e-48	195
PGEN_.00g091510::Scaffold_04:33245893-33249898	JO101967.1	79.509	1425	261	18	2577	3995	9	1408	0.0	985
PGEN_.00g092430::Scaffold_04:35537636-35575979	JO104953.1	90.226	133	13	0	26607	26739	3020	3152	2.56e-41	174
PGEN_.00g094010::Scaffold_04:40177786-40251498	JO113082.1	85.211	142	21	0	4244	4385	337	196	1.07e-32	147
PGEN_.00g094340::Scaffold_04:40754813-40759161	GAEH01003660.1	85.577	104	14	1	4236	4338	504	607	2.98e-22	108
PGEN_.00g097230::Scaffold_04:49124196-49233907	JO122134.1	81.212	165	26	5	91789	91951	294	455	5.77e-27	128
PGEN_.00g098270::Scaffold_04:51112554-51139374	AM873085.1	80.690	145	23	5	4106	4246	593	450	1.84e-21	108
PGEN_.00g098390::Scaffold_04:51797232-51888099	AM873085.1	78.476	525	85	22	24011	24516	3	518	2.64e-84	318
PGEN_.00g099560::Scaffold_04:54867816-54889243	JO122562.1	93.814	97	6	0	1488	1584	149	53	3.12e-33	147
PGEN_.00g099750::Scaffold_04:55384834-55393020	JO113241.1	84.298	121	19	0	5290	5410	9	129	2.59e-25	119
PGEN_.00g100020::Scaffold_04:55808779-55824096	JO106783.1	79.255	188	39	0	7490	7677	890	703	6.23e-29	132
PGEN_.00g101170::Scaffold_04:58135279-58276214	AM873085.1	80.124	161	26	6	47965	48121	608	450	5.77e-23	115
PGEN_.00g101340::Scaffold_04:58879387-58894813	JO106151.1	88.542	96	11	0	4966	5061	284	189	1.76e-24	117
PGEN_.00g101630::Scaffold_04:59604218-59620963	JO103033.1	86.486	111	12	2	5407	5517	555	448	5.31e-25	119
PGEN_.00g101960::Scaffold_04:60465451-60486735	JO114347.1	100.000	62	0	0	4851	4912	70	131	8.73e-24	115
PGEN_.00g102230::Scaffold_04:61170576-61178433	JO102286.1	90.625	96	9	0	7762	7857	468	563	4.14e-28	128
PGEN_.00g102540::Scaffold_04:62031022-62040335	JO123785.1	84.649	228	33	2	6129	6355	476	702	1.31e-58	230
PGEN_.00g103430::Scaffold_04:64364989-64451146	JO104484.1	83.978	181	27	2	55978	56156	262	82	2.06e-40	172
PGEN_.00g103500::Scaffold_04:64581863-64591794	JO103848.1	77.656	913	196	8	191	1099	1004	96	9.42e-155	549
PGEN_.00g103530::Scaffold_04:64633352-64645834	JO101213.1	85.903	227	32	0	1742	1968	336	110	2.25e-62	243
PGEN_.00g103940::Scaffold_05:430719-469557	JO120533.1	77.876	226	26	18	29881	30090	442	225	1.23e-24	119
PGEN_.00g103950::Scaffold_05:474721-512050	JO120533.1	79.204	226	23	16	8744	8953	225	442	1.17e-29	135
PGEN_.00g104310::Scaffold_05:1613856-1645554	JO120533.1	94.203	69	4	0	16473	16541	306	238	7.81e-21	106
PGEN_.00g104860::Scaffold_05:2780617-2796764	JO103703.1	84.236	203	30	2	15215	15416	1328	1529	2.30e-48	196
PGEN_.00g108630::Scaffold_05:11609124-11629435	JO115435.1	75.163	765	162	22	19523	20267	1852	2608	5.87e-90	335
PGEN_.00g108640::Scaffold_05:11684677-11692097	JO122562.1	91.753	97	8	0	2936	3032	53	149	2.33e-30	135
PGEN_.00g108980::Scaffold_05:12649858-12669220	JO115299.1	88.669	353	40	0	3396	3748	2033	2385	6.94e-119	431
PGEN_.00g109820::Scaffold_05:14544381-14576826	GAEH01005819.1	90.110	91	8	1	1357	1447	267	356	3.70e-24	117
PGEN_.00g110550::Scaffold_05:16587224-16639593	AM873085.1	80.745	161	25	6	29478	29634	608	450	4.61e-25	121
PGEN_.00g110580::Scaffold_05:16845633-16850667	MN275189.1	88.785	107	12	0	288	394	16	122	2.04e-29	132
PGEN_.00g110760::Scaffold_05:17300246-17327460	AM872387.1	78.065	310	58	10	3186	3491	160	463	2.33e-45	187
PGEN_.00g111560::Scaffold_05:19857215-19874795	JO110027.1	81.902	326	59	0	16367	16692	326	1	3.12e-72	276
PGEN_.00g111580::Scaffold_05:19893751-19913832	JO104434.1	84.956	113	17	0	10866	10978	2	114	8.23e-24	115
PGEN_.00g112270::Scaffold_05:21689393-21723396	JO114299.1	83.083	266	41	4	14134	14397	264	1	7.92e-61	239
PGEN_.00g113030::Scaffold_05:24363331-24373795	AM877555.1	75.325	231	51	5	4533	4760	37	264	2.58e-21	106
PGEN_.00g114060::Scaffold_05:26928012-26954850	JO115865.1	85.859	198	28	0	6743	6940	1084	887	1.36e-52	211
PGEN_.00g114520::Scaffold_05:28164003-28180356	JO123646.1	87.097	93	12	0	2636	2728	195	287	4.03e-21	106
PGEN_.00g114860::Scaffold_05:29450669-29459561	GAEH01002971.1	78.166	229	46	4	93	319	710	484	1.67e-32	143
PGEN_.00g114870::Scaffold_05:29470079-29502859	JO120412.1	86.400	125	17	0	30752	30876	1378	1254	2.87e-30	137
PGEN_.00g115070::Scaffold_05:30147459-30147704	JO103191.1	86.452	155	21	0	71	225	2741	2587	1.93e-42	171
PGEN_.00g116660::Scaffold_05:34125439-34140248	GAEH01002448.1	88.034	117	13	1	12990	13106	219	334	1.30e-30	137
PGEN_.00g117110::Scaffold_05:35546593-35586872	JO110353.1	84.252	127	20	0	38167	38293	240	114	2.74e-26	124
PGEN_.00g117440::Scaffold_05:36878724-36920364	AM873085.1	80.745	161	25	6	22814	22970	608	450	3.67e-25	121
PGEN_.00g117900::Scaffold_05:38189596-38243320	JO107988.1	89.655	87	9	0	19430	19516	110	196	2.85e-22	111
PGEN_.00g118110::Scaffold_05:38685044-38722040	JO110213.1	85.981	107	14	1	4458	4563	357	463	5.45e-23	113
PGEN_.00g118780::Scaffold_05:40521104-40529692	JO123251.1	84.330	351	55	0	1	351	1600	1250	4.12e-93	344
PGEN_.00g119200::Scaffold_05:41854407-41873229	GAEH01000426.1	93.243	74	5	0	13547	13620	215	288	3.59e-22	110
PGEN_.00g119420::Scaffold_05:42393817-42400734	GAEH01000135.1	80.769	156	30	0	6752	6907	521	366	1.69e-26	122
PGEN_.00g119600::Scaffold_05:42692789-42736080	JO118140.1	84.211	133	21	0	12321	12453	15	147	6.33e-28	130
PGEN_.00g119660::Scaffold_05:42853340-42887702	GAEH01004681.1	87.129	101	13	0	4141	4241	227	327	1.41e-23	115
PGEN_.00g120390::Scaffold_05:45427622-45464062	GAEH01004681.1	84.821	112	17	0	31539	31650	338	227	5.37e-23	113
PGEN_.00g120460::Scaffold_05:45575671-45619918	JO118140.1	82.707	133	23	0	29677	29809	147	15	1.40e-24	119
PGEN_.00g120660::Scaffold_05:45992491-45997468	JO106937.1	78.571	280	54	5	3019	3295	772	1048	7.12e-44	180
PGEN_.00g120810::Scaffold_05:46294247-46319754	JO101475.1	86.061	165	23	0	14981	15145	1098	934	1.32e-42	178
PGEN_.00g122050::Scaffold_05:48921376-48944474	JO106723.1	77.917	240	48	5	19455	19690	113	351	1.21e-32	145
PGEN_.00g122170::Scaffold_05:49471959-49490557	JO113736.1	83.969	131	21	0	18468	18598	1471	1601	3.52e-27	126
PGEN_.00g122880::Scaffold_05:51546690-51549246	GAEH01005108.1	84.672	137	21	0	587	723	299	163	2.22e-31	137
PGEN_.00g122900::Scaffold_05:51573206-51600315	JO109557.1	90.141	142	12	2	23320	23459	143	2	3.00e-44	183
PGEN_.00g122910::Scaffold_05:51599744-51603493	JO109557.1	90.141	142	12	2	540	679	143	2	4.14e-45	183
PGEN_.00g125310::Scaffold_05:58046068-58110568	AM873085.1	80.745	161	25	6	16266	16422	608	450	5.67e-25	121
PGEN_.00g125480::Scaffold_05:58620465-58633696	GAEH01001686.1	75.831	451	75	21	12459	12889	702	266	5.23e-49	198
PGEN_.00g127070::Scaffold_05:62379139-62445755	AM873085.1	80.745	161	25	6	27072	27228	608	450	5.86e-25	121
PGEN_.00g130070::Scaffold_06:2975316-3065774	JO113496.1	88.043	92	11	0	29271	29362	1803	1894	1.72e-21	110
PGEN_.00g130880::Scaffold_06:4917089-4977090	JO113117.1	80.315	254	49	1	27968	28221	1818	1566	3.97e-46	191
PGEN_.00g131350::Scaffold_06:6182500-6238727	JO121139.1	89.474	95	10	0	49111	49205	6	100	4.95e-25	121
PGEN_.00g133000::Scaffold_06:10182526-10182777	JK845844.1	99.270	137	1	0	115	251	154	290	8.91e-66	248
PGEN_.00g133010::Scaffold_06:10183163-10183615	JO107340.1	94.186	86	5	0	155	240	1271	1186	1.75e-30	132
PGEN_.00g134400::Scaffold_06:13548708-13578024	GAEH01003280.1	86.519	586	34	17	15943	16516	759	207	2.10e-170	603
PGEN_.00g134840::Scaffold_06:14432851-14494417	JO114531.1	84.524	168	26	0	41192	41359	414	247	6.86e-39	167
PGEN_.00g135950::Scaffold_06:17505767-17563144	JO122562.1	93.204	103	6	1	45385	45487	154	53	6.45e-34	150
PGEN_.00g138470::Scaffold_06:23205588-23213623	JO105722.1	86.486	148	20	0	1	148	81	228	1.16e-38	163
PGEN_.00g138770::Scaffold_06:23967865-23976769	JO105722.1	86.577	149	20	0	8756	8904	228	80	3.57e-39	165
PGEN_.00g139070::Scaffold_06:24677898-24702833	JO114779.1	88.043	92	11	0	23770	23861	3691	3782	4.76e-22	110
PGEN_.00g139090::Scaffold_06:24704249-24754795	JO114779.1	82.724	301	52	0	5198	5498	7041	7341	1.50e-69	268
PGEN_.00g139330::Scaffold_06:25202654-25233553	JO123434.1	84.848	132	20	0	18158	18289	1489	1620	3.49e-29	134
PGEN_.00g139390::Scaffold_06:25478292-25507110	JO117915.1	80.242	248	49	0	26640	26887	3166	3413	2.47e-45	187
PGEN_.00g140660::Scaffold_06:28779298-28793006	JO122961.1	85.446	213	29	2	9742	9953	1473	1684	1.16e-55	220
PGEN_.00g141450::Scaffold_06:30691949-30705741	JO122961.1	85.446	213	29	2	3333	3544	1684	1473	1.16e-55	220
PGEN_.00g141570::Scaffold_06:30947331-31010118	JO118685.1	88.506	174	18	2	20044	20216	10749	10577	1.15e-51	209
PGEN_.00g142880::Scaffold_06:35422303-35465954	JO109637.1	82.051	312	56	0	11848	12159	1491	1802	4.67e-69	267
PGEN_.00g143590::Scaffold_06:37456565-37504359	GAEH01001266.1	89.815	108	11	0	9163	9270	666	559	1.16e-30	139
PGEN_.00g144370::Scaffold_06:39317251-39360172	JO123756.1	84.685	111	17	0	8182	8292	481	371	2.27e-22	111
PGEN_.00g145440::Scaffold_06:42086097-42109014	JO111202.1	77.489	231	46	5	6961	7188	831	1058	2.59e-29	134
PGEN_.00g145560::Scaffold_06:42477877-42504799	JO123931.1	90.698	129	12	0	14045	14173	664	536	6.45e-41	172
PGEN_.00g146730::Scaffold_06:45190149-45268304	JO103437.1	86.777	121	16	0	76073	76193	916	1036	2.46e-29	135
PGEN_.00g147170::Scaffold_06:46663960-46699745	JO105220.1	83.770	191	31	0	8362	8552	924	734	1.43e-43	182
PGEN_.00g147630::Scaffold_06:47986935-48045629	AM873085.1	82.069	145	21	5	10742	10882	593	450	1.86e-24	119
PGEN_.00g148050::Scaffold_06:49705377-49732749	AM873085.1	81.379	145	22	5	16512	16652	450	593	4.03e-23	113
PGEN_.00g149140::Scaffold_06:52263958-52278285	GAEH01002189.1	92.105	114	9	0	9308	9421	625	512	7.43e-38	161
PGEN_.00g149260::Scaffold_06:52557235-52573268	AM872387.1	81.250	144	23	4	11462	11603	306	447	2.36e-23	113
PGEN_.00g149780::Scaffold_06:53582506-53632539	JO102332.1	83.568	213	33	2	41046	41257	3396	3607	1.98e-48	198
PGEN_.00g150440::Scaffold_06:55514168-55584707	JO104836.1	85.202	223	33	0	33805	34027	2658	2436	9.88e-58	230
PGEN_.00g150640::Scaffold_06:56000706-56020494	JO106998.1	90.217	92	9	0	15912	16003	270	361	1.74e-25	121
PGEN_.00g150750::Scaffold_06:56418975-56438422	JO113937.1	82.840	169	29	0	18796	18964	309	141	6.08e-35	152
PGEN_.00g151360::Scaffold_06:57783330-57868391	JO102983.1	83.740	123	20	0	65686	65808	2429	2307	9.68e-24	117
PGEN_.00g152190::Scaffold_06:59812493-59849607	GAEH01006053.1	95.370	216	8	2	23254	23468	215	1	6.41e-92	342
PGEN_.00g152200::Scaffold_06:59850152-59871867	JO104642.1	84.459	148	23	0	18235	18382	781	928	3.16e-33	147
PGEN_.00g153630::Scaffold_07:2623604-2643343	JO115708.1	86.667	105	14	0	18263	18367	1717	1821	2.25e-24	117
PGEN_.00g155140::Scaffold_07:6517405-6578143	JO105507.1	85.650	223	32	0	35524	35746	2669	2891	1.83e-59	235
PGEN_.00g155930::Scaffold_07:8767241-8772867	JO106074.1	79.058	191	38	2	2207	2396	442	631	8.22e-29	130
PGEN_.00g156870::Scaffold_07:11463095-11589874	JO120232.1	88.148	135	16	0	106972	107106	177	311	6.57e-37	161
PGEN_.00g157420::Scaffold_07:12638137-12638352	JO111792.1	83.846	130	16	5	67	194	579	705	6.14e-27	119
PGEN_.00g157790::Scaffold_07:13589676-13602155	OP779679.1	83.735	166	26	1	1626	1790	798	633	3.01e-36	156
PGEN_.00g159650::Scaffold_07:19196592-19228377	AM874257.1	90.756	357	31	2	7514	7870	155	509	1.44e-132	477
PGEN_.00g160820::Scaffold_07:22407085-22434592	JO101233.1	82.011	189	32	2	28	215	179	366	5.13e-37	159
PGEN_.00g161780::Scaffold_07:24988463-25009968	JO119145.1	81.250	144	23	4	17159	17300	341	482	3.17e-23	113
PGEN_.00g162010::Scaffold_07:25478145-25482170	JO115261.1	77.927	521	91	11	10	524	1142	640	3.27e-81	303
PGEN_.00g162170::Scaffold_07:26081486-26144954	JO107468.1	83.636	165	27	0	2	166	1314	1150	1.53e-35	156
PGEN_.00g162260::Scaffold_07:26376868-26425008	JO122353.1	85.315	143	21	0	23051	23193	454	312	1.94e-33	148
PGEN_.00g163050::Scaffold_07:28587097-28602299	JO119717.1	91.089	101	9	0	13240	13340	289	389	1.33e-30	137
PGEN_.00g163060::Scaffold_07:28602352-28625108	JO101999.1	86.239	109	15	0	11304	11412	678	786	7.21e-25	119
PGEN_.00g163480::Scaffold_07:29383979-29446436	JO103382.1	81.188	202	38	0	56137	56338	470	269	9.00e-38	163
PGEN_.00g164170::Scaffold_07:31437886-31453210	JO108475.1	86.207	145	20	0	11613	11757	219	363	1.03e-36	158
PGEN_.00g164400::Scaffold_07:31942385-31994901	JO119748.1	80.000	820	148	12	38624	39438	1110	302	8.16e-167	592
PGEN_.00g164770::Scaffold_07:32969499-32989042	JO114283.1	88.596	114	11	2	1	113	2234	2122	1.71e-30	137
PGEN_.00g165370::Scaffold_07:34267906-34286024	AM873085.1	82.069	145	21	5	9010	9150	593	450	5.74e-25	119
PGEN_.00g166410::Scaffold_07:37547181-37582496	JO103717.1	81.279	219	39	2	61	278	708	491	6.54e-42	176
PGEN_.00g166460::Scaffold_07:37605304-37608834	GAEH01006020.1	81.383	188	33	2	2352	2538	60	246	1.10e-35	152
PGEN_.00g166490::Scaffold_07:37730941-37732485	JO113020.1	82.407	648	102	5	91	734	640	1	3.11e-157	555
PGEN_.00g166550::Scaffold_07:37957458-37981966	JO108128.1	88.776	98	10	1	22718	22814	1034	1131	7.77e-25	119
PGEN_.00g166840::Scaffold_07:38927630-38982700	AM873085.1	81.429	140	21	5	23800	23935	588	450	1.05e-21	110
PGEN_.00g167710::Scaffold_07:41025179-41033015	JO111537.1	82.609	138	23	1	5389	5526	988	1124	6.90e-26	121
PGEN_.00g168510::Scaffold_08:262660-292063	JO121814.1	92.373	118	9	0	11409	11526	810	693	9.11e-40	169
PGEN_.00g169090::Scaffold_08:1732528-1761417	JO121814.1	92.373	118	9	0	17657	17774	693	810	8.96e-40	169
PGEN_.00g169830::Scaffold_08:4332950-4349265	JO107306.1	94.681	94	5	0	9367	9460	1763	1856	2.37e-33	147
PGEN_.00g169850::Scaffold_08:4457013-4465847	AM873085.1	80.488	164	26	6	4487	4646	608	447	7.78e-26	121
PGEN_.00g170430::Scaffold_08:6088295-6110739	JO104806.1	88.991	109	12	0	10582	10690	1049	1157	7.06e-30	135
PGEN_.00g170920::Scaffold_08:7407420-7484228	JO102112.1	82.836	134	23	0	38015	38148	239	106	6.76e-25	121
PGEN_.00g171530::Scaffold_08:8835332-8962704	AM873085.1	80.124	161	26	6	48786	48942	608	450	5.21e-23	115
PGEN_.00g171800::Scaffold_08:9795069-9798357	JO122562.1	92.157	102	7	1	1349	1450	153	53	6.16e-33	143
PGEN_.00g171890::Scaffold_08:10244630-10255739	JO122002.1	83.598	189	25	3	114	296	710	898	2.66e-41	172
PGEN_.00g172290::Scaffold_08:11432413-11470185	JO118835.1	86.614	127	17	0	30145	30271	1337	1211	2.55e-31	141
PGEN_.00g172310::Scaffold_08:11484489-11505925	JO104207.1	82.353	170	30	0	12000	12169	173	4	8.67e-34	148
PGEN_.00g172360::Scaffold_08:11594453-11662950	JO102934.1	82.840	169	24	5	54574	54739	266	432	9.94e-33	147
PGEN_.00g173340::Scaffold_08:14503848-14515434	JO112277.1	81.046	153	25	2	6139	6287	364	212	3.67e-25	119
PGEN_.00g174090::Scaffold_08:16829014-16871286	JO107884.1	88.785	107	12	0	1186	1292	215	321	1.72e-28	132
PGEN_.00g174670::Scaffold_08:17971462-17990059	GAEH01003482.1	87.097	124	16	0	18474	18597	538	661	1.26e-31	141
PGEN_.00g174680::Scaffold_08:17990253-18022671	JO114787.1	79.470	302	56	3	762	1060	16	314	5.92e-52	209
PGEN_.00g175210::Scaffold_08:19401729-19453266	JO121393.1	82.383	193	34	0	24106	24298	2503	2311	1.60e-39	169
PGEN_.00g177510::Scaffold_08:25719503-25729899	JO104450.1	82.514	183	31	1	6953	7134	369	187	1.94e-37	159
PGEN_.00g177570::Scaffold_08:25903774-25985208	JO108804.1	88.816	152	17	0	1	152	76	227	6.96e-45	187
PGEN_.00g177700::Scaffold_08:26419147-26428155	JO115025.1	80.631	222	37	5	2148	2366	423	641	1.01e-39	167
PGEN_.00g177840::Scaffold_08:26833450-26835963	JO108557.1	77.229	931	198	14	1554	2477	952	29	2.39e-150	532
PGEN_.00g179150::Scaffold_08:29831739-29907362	JO121350.1	83.036	224	36	2	70757	70979	145	367	2.31e-49	202
PGEN_.00g179200::Scaffold_08:29975641-30008703	JO115777.1	81.897	348	59	4	1	346	144	489	2.10e-76	291
PGEN_.00g179560::Scaffold_08:30772088-30796826	MH392190.1	77.798	545	113	8	138	678	1165	625	3.33e-88	329
PGEN_.00g179570::Scaffold_08:30827429-30866104	JO118611.1	90.722	97	9	0	8143	8239	332	428	5.66e-28	130
PGEN_.00g179830::Scaffold_08:31649809-31680628	JO108215.1	85.022	227	32	2	18551	18776	319	94	4.32e-58	230
PGEN_.00g179850::Scaffold_08:31710764-31743191	GAEH01002834.1	77.883	529	108	9	31900	32425	523	1	2.62e-85	320
PGEN_.00g181080::Scaffold_08:34725424-34747061	JO114439.1	90.385	104	10	0	15225	15328	972	1075	1.89e-30	137
PGEN_.00g181590::Scaffold_08:35878454-35884308	AM873753.1	83.744	203	33	0	3838	4040	187	389	1.08e-47	193
PGEN_.00g183200::Scaffold_08:39803988-39813787	JO108580.1	81.369	263	49	0	3899	4161	485	747	3.85e-54	215
PGEN_.00g183550::Scaffold_08:40840568-40871296	JO102830.1	83.088	136	23	0	26789	26924	383	248	2.09e-26	124
PGEN_.00g184020::Scaffold_08:41969805-41983018	JO103822.1	90.000	90	8	1	11612	11700	818	907	5.41e-24	115
PGEN_.00g184890::Scaffold_08:44262148-44291826	AM873085.1	80.745	161	25	6	26483	26639	608	450	2.61e-25	121
PGEN_.00g185120::Scaffold_08:44924354-44952707	JO110657.1	89.189	111	10	1	1816	1926	992	884	2.48e-30	137
PGEN_.00g185180::Scaffold_08:45106278-45108371	GAEH01001066.1	86.070	201	27	1	413	612	1152	1352	8.16e-55	215
PGEN_.00g186060::Scaffold_08:47210194-47243257	JO123127.1	83.333	138	23	0	4177	4314	248	111	1.74e-27	128
PGEN_.00g186690::Scaffold_08:49053969-49058181	JO121403.1	86.224	196	27	0	4017	4212	350	155	5.94e-54	213
PGEN_.00g186790::Scaffold_08:49447365-49558986	JO111212.1	82.738	168	27	2	19697	19863	666	500	4.50e-33	148
PGEN_.00g187310::Scaffold_08:51301230-51308073	JO113830.1	80.061	326	63	2	1620	1944	731	1055	4.43e-62	241
PGEN_.00g187350::Scaffold_08:51601099-51626682	JO108619.1	83.333	336	56	0	15414	15749	337	2	1.25e-82	311
PGEN_.00g189530::Scaffold_08:57521569-57547335	JO105542.1	86.777	121	16	0	23669	23789	1288	1408	8.10e-30	135
PGEN_.00g190620::Scaffold_08:60332251-60337950	JO122770.1	87.200	125	8	4	451	567	571	447	1.79e-30	135
PGEN_.00g190840::Scaffold_08:60723244-60740065	GAEH01001234.1	83.273	275	42	3	9771	10041	564	838	1.81e-64	250
PGEN_.00g190960::Scaffold_08:60901571-60916192	GAEH01001234.1	83.273	275	42	3	4962	5232	838	564	1.57e-64	250
PGEN_.00g191390::Scaffold_09:958635-1003463	JO116293.1	82.031	128	23	0	4	131	1	128	8.55e-22	110
PGEN_.00g191680::Scaffold_09:1588970-1650442	JO116174.1	87.500	112	14	0	4922	5033	373	484	8.98e-28	130
PGEN_.00g191690::Scaffold_09:1651260-1678909	JO118930.1	83.704	135	19	3	10884	11016	1691	1824	1.88e-26	124
PGEN_.00g192760::Scaffold_09:4024192-4060681	GAEH01002864.1	82.072	251	43	2	1	250	893	644	5.15e-53	213
PGEN_.00g193820::Scaffold_09:7570771-7594260	JO119773.1	75.219	456	103	8	4670	5117	2242	1789	1.54e-51	207
PGEN_.00g195280::Scaffold_09:12033895-12044152	GAEH01000078.1	84.000	250	40	0	7953	8202	486	237	6.65e-62	241
PGEN_.00g196010::Scaffold_09:14152918-14162143	GAEH01000078.1	84.000	250	40	0	861	1110	237	486	5.98e-62	241
PGEN_.00g196190::Scaffold_09:14897915-14904646	AM873085.1	79.781	366	57	11	5900	6252	364	3	7.24e-65	250
PGEN_.00g196590::Scaffold_09:15727262-15751881	JO105333.1	85.714	175	25	0	12761	12935	981	1155	7.59e-45	185
PGEN_.00g197090::Scaffold_09:16893054-16910571	JO113597.1	83.799	179	29	0	12996	13174	304	482	1.51e-40	171
PGEN_.00g197530::Scaffold_09:18712773-18728864	JO116122.1	86.806	144	19	0	5831	5974	1579	1722	8.35e-38	161
PGEN_.00g197540::Scaffold_09:18737557-18752780	GAEH01004591.1	95.455	88	2	2	11026	11113	509	424	3.70e-31	139
PGEN_.00g197780::Scaffold_09:19463834-19495031	JO102138.1	83.459	133	22	0	29575	29707	1522	1654	2.12e-26	124
PGEN_.00g198490::Scaffold_09:21693301-21727255	JO122562.1	87.619	105	13	0	6837	6941	53	157	8.31e-26	122
PGEN_.00g199200::Scaffold_09:24341954-24343106	JO103033.1	86.607	112	12	2	308	419	447	555	9.99e-27	121
PGEN_.00g200100::Scaffold_09:26640175-26646505	AM875475.1	80.000	170	30	4	3307	3474	58	225	1.55e-26	122
PGEN_.00g200410::Scaffold_09:27910462-27920344	AM873233.1	80.000	220	29	9	1016	1222	32	249	3.99e-34	148
PGEN_.00g200960::Scaffold_09:29694645-29720143	JO104655.1	86.306	314	43	0	7822	8135	2010	2323	4.41e-92	342
PGEN_.00g201190::Scaffold_09:30530773-30539958	AM873085.1	80.745	161	25	6	1434	1590	608	450	8.09e-26	121
PGEN_.00g201490::Scaffold_09:31444784-31517471	JO118685.1	84.099	283	43	2	22083	22364	7036	7317	1.67e-70	272
PGEN_.00g202340::Scaffold_09:33241918-33252092	GAEH01001843.1	87.059	340	40	3	8622	8959	966	629	3.73e-104	381
PGEN_.00g202660::Scaffold_09:34048561-34070389	JO114720.1	82.979	141	20	4	952	1090	2467	2329	1.49e-26	124
PGEN_.00g204100::Scaffold_09:38126164-38134407	GAEH01000481.1	87.042	818	103	2	1275	2089	1416	599	0.0	920
PGEN_.00g204360::Scaffold_10:135015-215664	JO119102.1	74.272	859	196	18	15445	16298	4220	3382	1.80e-90	339
PGEN_.00g204760::Scaffold_10:827479-830447	JO106723.1	77.313	335	68	7	525	854	351	20	1.96e-47	191
PGEN_.00g204820::Scaffold_10:937363-953938	JO121598.1	89.916	119	11	1	9753	9870	611	729	5.18e-35	152
PGEN_.00g205750::Scaffold_10:4111154-4135596	JO102225.1	81.183	186	33	2	16176	16360	756	940	9.88e-34	148
PGEN_.00g206070::Scaffold_10:5018932-5026803	JO118869.1	76.665	2057	416	45	5829	7871	584	2590	0.0	1081
PGEN_.00g206700::Scaffold_10:7183927-7213674	GAEH01004276.1	78.404	213	45	1	29526	29737	344	556	2.60e-30	137
PGEN_.00g209340::Scaffold_10:13871518-13934138	JO116321.1	79.503	161	33	0	38021	38181	991	831	2.56e-23	115
PGEN_.00g210210::Scaffold_10:16487709-16542397	JO114100.1	81.679	131	24	0	36185	36315	1708	1578	1.04e-21	110
PGEN_.00g210470::Scaffold_10:17193873-17221677	JO105081.1	86.429	140	19	0	1	140	393	254	2.41e-35	154
PGEN_.00g210600::Scaffold_10:17637984-17664979	JO105081.1	84.810	158	24	0	26838	26995	237	394	5.04e-37	159
PGEN_.00g211140::Scaffold_10:18775838-18780986	JO109399.1	75.000	240	58	2	4531	4769	683	445	9.80e-23	110
PGEN_.00g211500::Scaffold_10:19621566-19641266	JO103957.1	89.744	117	12	0	4808	4924	1554	1438	2.21e-34	150
PGEN_.00g211610::Scaffold_10:20030253-20085347	JO102923.1	80.263	152	28	2	27968	28118	3422	3572	8.12e-23	113
PGEN_.00g211670::Scaffold_10:20498618-20529736	AM873085.1	81.379	145	20	7	2141	2280	450	592	1.65e-22	111
PGEN_.00g211870::Scaffold_10:21118518-21126021	JO116999.1	80.488	164	32	0	6379	6542	422	585	1.42e-27	126
PGEN_.00g212520::Scaffold_10:22574444-22614066	JO105982.1	76.955	243	45	8	12872	13110	3	238	2.09e-27	128
PGEN_.00g212630::Scaffold_10:22715183-22721666	JO120025.1	79.470	151	29	2	676	825	774	625	1.60e-21	106
PGEN_.00g213350::Scaffold_10:24367809-24391529	JO103117.1	82.558	172	30	0	13687	13858	1126	1297	7.41e-35	152
PGEN_.00g213730::Scaffold_10:25449295-25476822	JO112998.1	89.655	87	9	0	14705	14791	1897	1983	1.46e-22	111
PGEN_.00g213840::Scaffold_10:25697156-25703509	GAEH01002021.1	84.545	110	17	0	2477	2586	990	881	1.21e-22	110
PGEN_.00g214130::Scaffold_10:26465068-26472918	JO122625.1	82.222	225	34	5	1	222	619	398	1.87e-46	189
PGEN_.00g214290::Scaffold_10:26996750-27004463	JO109316.1	81.646	158	29	0	52	209	300	143	3.14e-29	132
PGEN_.00g215360::Scaffold_10:29885306-29897000	JO101664.1	84.524	168	26	0	4377	4544	1671	1504	1.30e-39	167
PGEN_.00g215370::Scaffold_10:29899806-29909809	JO108539.1	84.878	205	31	0	6661	6865	831	1035	6.58e-52	207
PGEN_.00g216450::Scaffold_10:32837531-32850823	AM873085.1	80.745	161	25	6	8606	8762	450	608	1.17e-25	121
PGEN_.00g216590::Scaffold_10:33205854-33218118	JO122562.1	91.753	97	8	0	8780	8876	149	53	3.86e-30	135
PGEN_.00g216640::Scaffold_10:33366292-33373124	JG392114.1	91.453	234	20	0	5099	5332	441	208	1.54e-86	322
PGEN_.00g217090::Scaffold_10:34286256-34286918	JO103841.1	79.279	333	67	2	331	662	607	276	2.51e-60	231
PGEN_.00g217290::Scaffold_10:34860524-34932197	JO101482.1	83.060	183	31	0	10421	10603	2834	2652	7.98e-39	167
PGEN_.00g217330::Scaffold_10:34967113-35038571	JO101482.1	83.060	183	31	0	60828	61010	2652	2834	7.96e-39	167
PGEN_.00g217560::Scaffold_10:35609933-35610595	JO103841.1	79.217	332	67	2	1	331	277	607	9.02e-60	230
PGEN_.00g217810::Scaffold_10:36106697-36132481	JO102318.1	88.344	163	13	5	6174	6333	2200	2359	1.71e-46	191
PGEN_.00g218100::Scaffold_10:36905745-36921819	JO118342.1	88.235	119	14	0	3030	3148	866	748	3.02e-32	143
PGEN_.00g218110::Scaffold_10:36986794-36989013	JO116691.1	77.267	1500	299	27	729	2219	523	1989	0.0	843
PGEN_.00g218840::Scaffold_10:38904461-38906680	JO116691.1	77.318	1499	298	27	1	1490	1988	523	0.0	846
PGEN_.00g218850::Scaffold_10:38972893-38988844	JO118342.1	88.235	119	14	0	12912	13030	748	866	3.00e-32	143
PGEN_.00g219110::Scaffold_10:39768534-39803990	JO102318.1	87.578	161	18	2	19540	19699	2359	2200	1.09e-44	185
PGEN_.00g219460::Scaffold_10:41043718-41109882	JO108637.1	85.047	214	31	1	51230	51442	305	518	7.22e-54	217
PGEN_.00g220310::Scaffold_10:42609879-42637226	JO113049.1	77.958	431	93	2	446	875	430	1	8.12e-70	268
PGEN_.00g220360::Scaffold_10:42690879-42699566	JO108923.1	89.865	148	15	0	3021	3168	224	371	5.75e-47	191
PGEN_.00g220820::Scaffold_10:44014628-44089460	JO115318.1	85.119	168	23	2	58885	59051	146	312	6.44e-40	171
PGEN_.00g220870::Scaffold_10:44195682-44271994	JO113678.1	82.635	167	27	2	32611	32776	1932	2097	1.11e-32	147
PGEN_.00g221780::Scaffold_10:46150577-46161799	JO102837.1	79.661	177	34	2	5499	5674	709	534	2.12e-27	126
PGEN_.00g221990::Scaffold_10:46492274-46518816	JO109956.1	81.048	248	43	4	927	1172	737	492	1.36e-47	195
PGEN_.00g222080::Scaffold_10:46731067-46884693	AM873085.1	81.379	145	22	5	56752	56892	593	450	2.26e-22	113
PGEN_.00g223300::Scaffold_10:49869566-49879180	JO116608.1	87.500	152	19	0	1520	1671	421	572	1.78e-42	176
PGEN_.00g223380::Scaffold_10:50124186-50158327	JO116435.1	93.506	77	5	0	32406	32482	78	2	1.40e-23	115
PGEN_.00g223690::Scaffold_10:50916878-50918566	JO102435.1	84.574	739	108	3	1	736	802	67	0.0	728
PGEN_.00g223910::Scaffold_10:51567644-51570700	JG392140.1	90.311	867	80	4	1944	2808	865	1	0.0	1133
PGEN_.00g224180::Scaffold_10:52432596-52435645	JG392140.1	90.311	867	80	4	248	1112	1	865	0.0	1133
PGEN_.00g224420::Scaffold_10:53090420-53092108	JO102435.1	84.595	740	108	3	952	1688	67	803	0.0	730
PGEN_.00g224610::Scaffold_10:53761709-53763789	JO123378.1	81.646	158	29	0	437	594	1001	1158	8.40e-30	132
PGEN_.00g225360::Scaffold_11:2097840-2126274	JO104465.1	77.957	186	39	2	2120	2304	1922	1738	1.16e-23	115
PGEN_.00g225490::Scaffold_11:2495517-2515340	JO106375.1	83.471	121	20	0	18874	18994	452	572	2.92e-23	113
PGEN_.00g225950::Scaffold_11:5000572-5025416	JO106375.1	83.471	121	20	0	800	920	572	452	3.66e-23	113
PGEN_.00g226100::Scaffold_11:5392221-5420733	JO104465.1	77.419	186	40	2	26196	26380	1738	1922	5.43e-22	110
PGEN_.00g226370::Scaffold_11:6176193-6202138	JO122555.1	86.335	161	22	0	2627	2787	216	376	4.81e-42	176
PGEN_.00g226570::Scaffold_11:6698995-6727847	JO122555.1	85.714	161	23	0	26059	26219	376	216	2.49e-40	171
PGEN_.00g227320::Scaffold_11:9189590-9226740	JO117467.1	84.181	177	28	0	2226	2402	3539	3363	8.90e-41	172
PGEN_.00g227520::Scaffold_11:9517456-9568849	JO117785.1	91.358	81	5	2	9191	9270	80	1	9.80e-22	110
PGEN_.00g229190::Scaffold_11:14149273-14156627	JK983042.1	86.000	100	12	2	5894	5993	286	383	1.81e-21	106
PGEN_.00g229670::Scaffold_11:15552145-15583865	GAEH01000481.1	84.094	811	129	0	7516	8326	599	1409	0.0	784
PGEN_.00g230260::Scaffold_11:17522356-17554674	AM873085.1	80.745	161	25	6	18954	19110	450	608	2.85e-25	121
PGEN_.00g231870::Scaffold_11:22455001-22506226	AM873085.1	81.250	144	24	3	4462	4602	593	450	7.55e-23	113
PGEN_.00g231880::Scaffold_11:22515351-22527154	JO102401.1	88.235	102	12	0	1903	2004	11	112	2.89e-26	122
PGEN_.00g232500::Scaffold_11:24508165-24522347	JO121321.1	94.382	89	5	0	6564	6652	953	1041	1.24e-30	137
PGEN_.00g233540::Scaffold_11:26922136-26966093	JO121062.1	81.325	166	27	4	8687	8850	527	364	1.79e-28	132
PGEN_.00g233580::Scaffold_11:27099534-27108460	GAEH01000481.1	90.556	540	51	0	1	540	878	1417	0.0	715
PGEN_.00g233600::Scaffold_11:27110571-27115204	JO123785.1	86.943	314	41	0	4292	4605	389	702	2.85e-97	357
PGEN_.00g233610::Scaffold_11:27130927-27139133	GAEH01000481.1	90.168	834	82	0	1977	2810	1432	599	0.0	1086
PGEN_.00g233710::Scaffold_11:27513804-27572799	JO118193.1	86.531	245	31	2	22497	22740	280	523	1.75e-69	268
PGEN_.00g233770::Scaffold_11:27658467-27661179	GAEH01000481.1	89.988	819	82	0	227	1045	1417	599	0.0	1059
PGEN_.00g234560::Scaffold_11:29592314-29612579	JO113423.1	88.696	115	13	0	14301	14415	139	25	1.37e-31	141
PGEN_.00g235010::Scaffold_11:30705610-30725530	JO103033.1	84.821	112	13	4	6197	6307	447	555	3.80e-22	110
PGEN_.00g235060::Scaffold_11:30872783-30909212	JO115503.1	82.353	153	27	0	584	736	151	303	4.12e-29	134
PGEN_.00g235300::Scaffold_11:31718963-31725728	JO123518.1	86.486	111	14	1	2528	2638	198	307	5.95e-26	121
PGEN_.00g235380::Scaffold_11:31864674-31924334	GAEH01002345.1	90.361	166	16	0	49640	49805	755	920	1.81e-54	219
PGEN_.00g235430::Scaffold_11:31998477-32058151	GAEH01002345.1	90.361	166	16	0	9839	10004	920	755	1.81e-54	219
PGEN_.00g235800::Scaffold_11:33274831-33297324	GAEH01000138.1	78.534	191	33	7	8114	8299	499	312	7.13e-25	119
PGEN_.00g237200::Scaffold_11:37439336-37444751	GAEH01000596.1	84.076	157	24	1	3	159	900	1055	6.07e-35	150
PGEN_.00g237340::Scaffold_11:37700149-37734658	JO106723.1	79.325	237	40	7	4487	4717	253	20	2.32e-36	158
PGEN_.00g237660::Scaffold_11:39092744-39180442	JO102959.1	84.615	130	20	0	79632	79761	1601	1472	1.28e-27	130
PGEN_.00g238250::Scaffold_11:40594501-40620213	AM873085.1	80.745	161	25	6	1014	1170	450	608	2.27e-25	121
PGEN_.00g238340::Scaffold_11:40867135-40877053	AM873085.1	80.745	161	25	6	1867	2023	608	450	8.74e-26	121
PGEN_.00g238750::Scaffold_11:41927657-41941968	JO106239.1	90.083	121	12	0	2567	2687	888	768	9.61e-37	158
PGEN_.00g238800::Scaffold_11:42047641-42090041	JO118537.1	90.625	96	9	0	2684	2779	1398	1303	2.23e-27	128
PGEN_.00g239060::Scaffold_11:42588974-42629843	JO118537.1	90.625	96	9	0	38610	38705	1303	1398	2.15e-27	128
PGEN_.00g239110::Scaffold_11:42735454-42749039	JO106239.1	90.909	121	11	0	11510	11630	768	888	1.96e-38	163
PGEN_.00g240020::Scaffold_11:45171379-45177195	GAEH01002687.1	77.320	194	33	8	5424	5611	342	530	5.15e-21	104
PGEN_.00g240040::Scaffold_11:45194223-45208220	GAEH01002687.1	77.720	193	32	8	9249	9435	529	342	9.60e-22	108
PGEN_.00g240250::Scaffold_11:45677023-45691915	JO123648.1	75.000	1396	297	34	13515	14872	1524	143	4.97e-169	597
PGEN_.00g240430::Scaffold_11:46176013-46223711	JO111918.1	91.608	143	12	0	34710	34852	5019	5161	1.89e-48	198
PGEN_.00g240440::Scaffold_11:46224292-46279004	JO115959.1	82.158	241	41	2	53065	53304	1112	873	1.29e-50	206
PGEN_.00g240950::Scaffold_11:47381208-47391142	JO123785.1	85.843	332	47	0	4815	5146	371	702	6.13e-97	357
PGEN_.00g242420::Scaffold_12:162890-175075	GAEH01001928.1	75.598	418	86	9	9061	9478	525	926	2.24e-47	193
PGEN_.00g242500::Scaffold_12:323544-377696	JO105816.1	79.330	179	34	2	1	179	1385	1210	1.33e-25	122
PGEN_.00g243110::Scaffold_12:1964008-2014260	JO107169.1	79.237	236	49	0	15013	15248	305	540	2.02e-38	165
PGEN_.00g243260::Scaffold_12:2316373-2344038	JO119619.1	85.385	130	19	0	3663	3792	2746	2617	8.70e-30	135
PGEN_.00g243590::Scaffold_12:3022735-3042034	JO119208.1	76.233	223	41	8	2	215	751	532	1.32e-21	108
PGEN_.00g243600::Scaffold_12:3042432-3052130	JO103033.1	85.714	112	13	2	4256	4367	447	555	3.98e-24	115
PGEN_.00g244060::Scaffold_12:4148734-4171033	JO111347.1	85.294	102	15	0	18010	18111	204	103	5.50e-21	106
PGEN_.00g244840::Scaffold_12:6436316-6447771	JO108695.1	81.068	206	38	1	11251	11455	417	622	1.65e-38	163
PGEN_.00g244930::Scaffold_12:6587386-6625648	JO104286.1	83.190	232	38	1	4655	4885	384	153	1.94e-52	211
PGEN_.00g245530::Scaffold_12:8249714-8263815	JO106287.1	98.361	61	1	0	2580	2640	522	582	9.67e-22	108
PGEN_.00g245650::Scaffold_12:8617605-8634750	JO106723.1	78.571	350	66	7	14242	14584	4	351	4.03e-56	222
PGEN_.00g245880::Scaffold_12:9154713-9227764	JO123466.1	84.667	150	23	0	24124	24273	8	157	8.20e-34	150
PGEN_.00g246330::Scaffold_12:10532765-10568997	AM873085.1	79.141	163	26	7	7605	7763	450	608	8.93e-21	106
PGEN_.00g246370::Scaffold_12:10643909-10656204	JO101857.1	85.156	128	19	0	8193	8320	330	203	5.00e-29	132
PGEN_.00g246550::Scaffold_12:10888833-10902661	JO101857.1	85.156	128	19	0	4004	4131	203	330	5.63e-29	132
PGEN_.00g246590::Scaffold_12:10977736-11007629	AM873085.1	79.141	163	26	7	22350	22508	608	450	7.37e-21	106
PGEN_.00g246740::Scaffold_12:11490868-11581389	JO122562.1	89.796	98	10	0	34244	34341	150	53	1.71e-26	126
PGEN_.00g247060::Scaffold_12:12165923-12267196	JO103033.1	87.387	111	11	2	86667	86777	554	447	6.89e-26	124
PGEN_.00g247490::Scaffold_12:13534609-13546010	JO110630.1	79.268	164	34	0	5841	6004	1416	1253	4.67e-24	115
PGEN_.00g247620::Scaffold_12:13753344-13798734	JO112476.1	86.408	103	14	0	2738	2840	750	852	6.69e-23	113
PGEN_.00g249590::Scaffold_12:20132034-20138219	JO108383.1	84.874	119	17	1	3529	3647	139	22	1.96e-25	119
PGEN_.00g251420::Scaffold_12:26371624-26407548	AM873085.1	82.069	145	21	5	26137	26277	450	593	1.14e-24	119
PGEN_.00g251490::Scaffold_12:26532527-26551940	GAEH01001883.1	90.805	174	16	0	19240	19413	346	173	2.11e-59	233
PGEN_.00g252220::Scaffold_12:28667061-28687324	JO108381.1	75.871	402	83	8	19863	20263	432	44	3.73e-47	193
PGEN_.00g252580::Scaffold_12:29965800-29976944	JO108463.1	83.784	222	36	0	9906	10127	649	870	5.66e-53	211
PGEN_.00g253580::Scaffold_12:33113393-33177467	JO122101.1	80.632	253	45	3	55609	55859	400	150	1.18e-46	193
PGEN_.00g254220::Scaffold_12:35149478-35170904	AM873085.1	80.864	162	23	8	15488	15644	450	608	1.89e-25	121
PGEN_.00g254840::Scaffold_12:37507745-37565085	JO122562.1	93.814	97	6	0	8687	8783	149	53	8.33e-33	147
PGEN_.00g254880::Scaffold_12:37643862-37703992	JO112874.1	94.318	88	5	0	9558	9645	331	418	1.89e-29	135
PGEN_.00g254890::Scaffold_12:37743822-37787899	JO123530.1	87.255	102	12	1	25475	25575	1765	1866	1.81e-23	115
PGEN_.00g255870::Scaffold_12:40087774-40110117	JO103982.1	77.972	286	58	4	1032	1315	160	442	1.49e-41	174
PGEN_.00g255930::Scaffold_12:40551801-40568427	JO113390.1	83.621	116	19	0	9389	9504	2717	2602	3.17e-22	110
PGEN_.00g256760::Scaffold_12:42201601-42287630	AM873085.1	80.822	146	21	6	53144	53284	593	450	5.89e-21	108
PGEN_.00g256810::Scaffold_12:42332604-42383822	JO107964.1	81.000	200	35	2	50982	51178	1168	1367	1.24e-35	156
PGEN_.00g256850::Scaffold_12:42441866-42479242	JO123672.1	83.721	129	21	0	36433	36561	292	420	9.15e-26	122
PGEN_.00g257110::Scaffold_12:43228351-43289671	JO107011.1	83.200	125	21	0	57335	57459	2589	2465	2.51e-23	115
PGEN_.00g257250::Scaffold_12:43796426-43835852	JO112118.1	81.890	127	22	1	23826	23951	236	110	9.72e-21	106
PGEN_.00g257270::Scaffold_12:43854280-43864603	JO122845.1	88.514	148	15	2	10083	10229	249	103	5.32e-43	178
PGEN_.00g259000::Scaffold_12:49015640-49027925	JO109501.1	85.027	187	28	0	4931	5117	982	796	8.13e-47	191
PGEN_.00g260010::Scaffold_13:679237-823740	JO103896.1	81.092	238	43	2	22847	23083	97	333	3.43e-45	189
PGEN_.00g260400::Scaffold_13:1485699-1632381	JO103896.1	82.353	238	40	2	122369	122605	333	97	3.46e-50	206
PGEN_.00g261370::Scaffold_13:4552423-4576790	JO106723.1	77.199	307	58	8	21002	21301	22	323	7.56e-40	169
PGEN_.00g262720::Scaffold_13:8106001-8208334	GAEH01002724.1	83.333	144	23	1	13	155	751	608	4.16e-28	132
PGEN_.00g263420::Scaffold_13:10555054-10587339	JO117997.1	85.321	109	16	0	5619	5727	744	636	4.76e-23	113
PGEN_.00g263630::Scaffold_13:11190844-11199899	JO107978.1	77.255	255	52	6	5686	5937	148	399	4.73e-33	145
PGEN_.00g264140::Scaffold_13:12376625-12411350	JO117367.1	79.339	242	50	0	19265	19506	1859	1618	2.99e-40	171
PGEN_.00g265250::Scaffold_13:15419478-15434872	JO104089.1	85.714	126	18	0	7602	7727	494	619	1.74e-29	134
PGEN_.00g265590::Scaffold_13:16357121-16371394	JO103033.1	85.714	112	12	3	8915	9026	555	448	5.85e-24	115
PGEN_.00g265640::Scaffold_13:16435713-16451379	JO104089.1	86.508	126	17	0	7259	7384	619	494	3.81e-31	139
PGEN_.00g266170::Scaffold_13:17750102-17762122	JO103928.1	84.685	111	17	0	6048	6158	212	322	6.37e-23	111
PGEN_.00g267120::Scaffold_13:20654763-20660704	JO102268.1	76.033	1089	241	16	4811	5889	325	1403	2.02e-154	547
PGEN_.00g267590::Scaffold_13:22176869-22193953	JO111775.1	79.268	164	34	0	14879	15042	664	827	7.00e-24	115
PGEN_.00g269040::Scaffold_13:25936171-25955105	AM873085.1	77.778	477	76	23	5059	5517	467	3	2.03e-69	267
PGEN_.00g269400::Scaffold_13:26807126-26812211	JO103033.1	87.387	111	10	3	4140	4249	448	555	3.46e-27	124
PGEN_.00g269530::Scaffold_13:27058977-27106798	AM873085.1	80.124	161	26	6	25467	25623	450	608	1.96e-23	115
PGEN_.00g269980::Scaffold_13:28399786-28421329	JO104714.1	79.762	168	31	3	8612	8776	1579	1412	6.83e-25	119
PGEN_.00g270020::Scaffold_13:28530263-28600990	JO107389.1	82.000	200	28	7	3862	4060	1010	818	1.02e-37	163
PGEN_.00g270400::Scaffold_13:29265594-29281067	JO110227.1	83.721	172	28	0	3811	3982	1415	1244	2.23e-38	163
PGEN_.00g271750::Scaffold_13:33186824-33200739	JO115471.1	80.976	205	35	4	610	812	336	538	2.60e-37	159
PGEN_.00g273210::Scaffold_13:37009153-37018750	GAEH01000587.1	83.938	193	31	0	8838	9030	1316	1508	2.96e-45	185
PGEN_.00g273280::Scaffold_13:37203826-37211766	JO116660.1	94.690	113	4	2	7759	7871	1306	1416	5.29e-42	174
PGEN_.00g274530::Scaffold_13:40767020-40771439	JG392140.1	86.094	640	87	2	1193	1831	51	689	0.0	688
PGEN_.00g274550::Scaffold_13:40782534-40788847	JG392140.1	86.842	646	85	0	3420	4065	51	696	0.0	723
PGEN_.00g274560::Scaffold_13:40794216-40800293	JG392140.1	87.083	689	87	2	5136	5823	688	1	0.0	778
PGEN_.00g274590::Scaffold_13:40864421-40867921	JG392140.1	90.175	855	80	4	248	1100	1	853	0.0	1110
PGEN_.00g274820::Scaffold_13:41737190-41791126	JO107992.1	88.393	112	13	0	20154	20265	195	84	1.70e-29	135
PGEN_.00g275790::Scaffold_14:16759-31643	JO122562.1	90.722	97	9	0	9226	9322	53	149	2.18e-28	130
PGEN_.00g276370::Scaffold_14:922775-990475	GAEH01005745.1	86.364	176	17	2	34212	34387	367	199	2.08e-44	185
PGEN_.00g279440::Scaffold_14:7774211-7836452	GAEH01002009.1	86.869	99	12	1	11212	11310	1284	1187	1.19e-21	110
PGEN_.00g280110::Scaffold_14:9571834-9640463	GAEH01003058.1	83.929	280	45	0	15681	15960	857	578	2.04e-69	268
PGEN_.00g283320::Scaffold_14:17159402-17202251	JO121166.1	74.554	448	77	20	27258	27694	2436	2015	2.22e-37	161
PGEN_.00g283360::Scaffold_14:17260826-17270652	JO111021.1	80.189	424	80	4	9371	9792	423	2	3.70e-84	315
PGEN_.00g283790::Scaffold_14:18490048-18495513	AM873085.1	82.069	145	21	5	3405	3545	450	593	1.73e-25	119
PGEN_.00g284630::Scaffold_14:20737622-20768357	AM873085.1	80.124	161	26	6	18244	18400	450	608	1.26e-23	115
PGEN_.00g284740::Scaffold_14:21012924-21029244	GAEH01002348.1	77.096	489	107	5	6485	6971	934	449	8.06e-73	278
PGEN_.00g287490::Scaffold_14:26508876-26519620	JK983008.1	82.258	124	20	2	10369	10491	136	14	2.65e-21	106
PGEN_.00g287540::Scaffold_14:26576836-26589906	GAEH01000366.1	87.324	142	18	0	10180	10321	396	255	1.89e-38	163
PGEN_.00g288400::Scaffold_14:28228224-28244110	JO113609.1	84.921	252	36	2	9726	9976	923	673	1.32e-65	254
PGEN_.00g288850::Scaffold_14:29193837-29230220	JO104629.1	82.456	171	30	0	20	190	750	580	4.09e-34	150
PGEN_.00g289020::Scaffold_14:29522854-29524741	JO112772.1	83.942	137	22	0	1714	1850	239	375	7.62e-30	132
PGEN_.00g289360::Scaffold_14:30442623-30446417	GAEH01001848.1	91.758	1007	82	1	1	1007	684	1689	0.0	1399
PGEN_.00g289370::Scaffold_14:30462031-30466364	GAEH01001848.1	91.658	1007	83	1	1	1007	684	1689	0.0	1393
PGEN_.00g289910::Scaffold_14:31569230-31570961	GAEH01001686.1	76.974	304	57	9	1083	1382	702	408	8.91e-39	161
PGEN_.00g290450::Scaffold_14:32769882-32783169	JO102052.1	82.181	376	65	2	12913	13287	480	106	2.99e-86	322
PGEN_.00g290560::Scaffold_14:33051667-33061829	GAEH01005473.1	84.615	325	48	2	1115	1438	324	1	2.29e-86	322
PGEN_.00g291980::Scaffold_14:36100269-36171829	AM873085.1	82.069	145	21	5	35967	36107	450	593	2.26e-24	119
PGEN_.00g292230::Scaffold_14:36689024-36728723	JO116168.1	80.952	168	29	2	7020	7187	115	279	5.81e-28	130
PGEN_.00g292990::Scaffold_14:38096608-38105412	JO114021.1	79.830	352	62	5	2611	2954	352	2	3.41e-64	248
PGEN_.00g295010::Scaffold_14:42968150-42988416	JO108785.1	79.793	193	39	0	6201	6393	292	100	1.37e-31	141
PGEN_.00g295410::Scaffold_14:43538368-43546653	GAEH01001686.1	77.852	298	51	9	3877	4168	414	702	7.14e-41	171
PGEN_.00g296430::Scaffold_14:44640516-44650130	GAEH01003280.1	77.621	782	101	37	6232	6976	759	15	5.81e-112	407
PGEN_.00g298040::Scaffold_15:2757091-2772836	JO105810.1	79.295	227	41	6	14663	14886	640	863	1.37e-35	154
PGEN_.00g298200::Scaffold_15:3331932-3347077	JO121623.1	82.775	209	30	6	12	216	1101	895	6.03e-44	182
PGEN_.00g298410::Scaffold_15:3561575-3576712	GAEH01000234.1	83.732	209	28	6	14921	15125	918	1124	2.79e-47	193
PGEN_.00g298570::Scaffold_15:4130419-4146155	JO105810.1	79.295	227	41	6	859	1082	863	640	1.37e-35	154
PGEN_.00g300280::Scaffold_15:7871451-7887007	JO107702.1	84.043	282	45	0	10642	10923	675	394	3.57e-71	272
PGEN_.00g301700::Scaffold_15:11739197-11747767	JO122071.1	82.723	191	29	4	8355	8543	212	24	9.56e-40	167
PGEN_.00g302360::Scaffold_15:13257078-13295825	JO114294.1	89.130	92	9	1	27085	27176	93	3	5.71e-23	113
PGEN_.00g303000::Scaffold_15:14772582-14778557	GAEH01001686.1	77.778	297	53	8	1242	1533	414	702	5.15e-41	171
PGEN_.00g303100::Scaffold_15:14877676-14883665	GAEH01001686.1	77.778	297	53	8	4447	4738	702	414	5.16e-41	171
PGEN_.00g305440::Scaffold_15:21302795-21324809	JO114862.1	80.814	172	31	2	17250	17420	2286	2456	2.49e-29	134
PGEN_.00g305470::Scaffold_15:21404969-21414899	JO115605.1	83.841	427	66	1	9500	9926	1011	1434	7.76e-111	403
PGEN_.00g308990::Scaffold_15:30288424-30296178	GAEH01001686.1	78.114	297	53	6	1098	1390	702	414	3.99e-43	178
PGEN_.00g310690::Scaffold_15:34967572-34995347	JO103033.1	85.714	112	13	2	23962	24073	555	447	1.14e-23	115
PGEN_.00g310760::Scaffold_15:35178817-35212030	AM874802.1	88.312	154	16	2	21403	21556	390	541	3.68e-44	183
PGEN_.00g311790::Scaffold_15:37766245-37828483	AM873085.1	80.124	161	26	6	52885	53041	608	450	2.55e-23	115
PGEN_.00g312290::Scaffold_15:38992198-39010373	JO107854.1	83.333	132	18	4	17259	17388	264	135	5.76e-25	119
PGEN_.00g312410::Scaffold_15:39316118-39322058	GAEH01003731.1	86.400	125	17	0	3884	4008	272	396	5.19e-31	137
PGEN_.00g313540::Scaffold_15:42479232-42483560	JO103554.1	78.802	217	39	5	4017	4229	561	774	1.05e-31	139
PGEN_.00g313690::Scaffold_15:42830309-42848955	JO119073.1	84.153	183	29	0	16282	16464	227	45	9.61e-43	178
PGEN_.00g314640::Scaffold_15:45230496-45237794	GAEH01001868.1	81.410	468	81	5	4656	5120	839	375	3.45e-103	377
PGEN_.00g315270::Scaffold_15:46548801-46556062	GAEH01001868.1	81.410	468	81	5	2149	2613	375	839	3.44e-103	377
PGEN_.00g316800::Scaffold_16:2899045-2909248	JO121733.1	84.868	152	22	1	3051	3201	547	396	3.19e-35	152
PGEN_.00g317490::Scaffold_16:4754179-4764680	GAEH01002533.1	87.805	123	15	0	10379	10501	824	946	5.49e-33	145
PGEN_.00g317630::Scaffold_16:5011470-5014141	AM873085.1	82.069	145	21	5	1309	1449	593	450	8.42e-26	119
PGEN_.00g318770::Scaffold_16:8226145-8240852	GAEH01002109.1	81.429	140	26	0	13639	13778	679	818	6.03e-24	115
PGEN_.00g318920::Scaffold_16:8734939-8758608	JO103206.1	89.423	104	8	2	12978	13081	713	813	1.25e-27	128
PGEN_.00g321290::Scaffold_16:14972160-15023803	JO109146.1	82.591	247	38	3	32379	32621	4136	4381	7.30e-53	213
PGEN_.00g322150::Scaffold_16:16977451-16993705	GAEH01000138.1	78.238	193	33	9	14966	15152	306	495	6.66e-24	115
PGEN_.00g323140::Scaffold_16:20475729-20496118	GAEH01001900.1	84.211	209	32	1	5852	6059	872	664	6.24e-50	202
PGEN_.00g324340::Scaffold_16:24024837-24046658	JO118646.1	81.818	165	24	5	11401	11562	237	398	2.47e-29	134
PGEN_.00g324640::Scaffold_16:24724175-24741810	AM873085.1	80.745	161	25	6	16313	16469	608	450	1.55e-25	121
PGEN_.00g324750::Scaffold_16:25080811-25091629	JO107589.1	84.239	184	19	7	10104	10284	347	171	2.01e-42	176
PGEN_.00g324860::Scaffold_16:25272870-25283465	JO109928.1	88.321	137	14	2	8259	8394	307	172	1.53e-38	163
PGEN_.00g325430::Scaffold_16:26833296-26861780	JO117622.1	85.235	149	22	0	8993	9141	2412	2264	2.47e-35	154
PGEN_.00g325940::Scaffold_16:28160269-28185870	JO103033.1	86.486	111	12	3	21616	21725	446	554	8.12e-25	119
PGEN_.00g326070::Scaffold_16:28622353-28656089	JO110734.1	77.714	175	37	2	31214	31387	1381	1208	8.32e-21	106
PGEN_.00g327620::Scaffold_17:104252-108076	AM875261.1	84.615	104	16	0	1397	1500	221	118	3.38e-21	104
PGEN_.00g327640::Scaffold_17:127742-131821	AM875261.1	84.615	104	16	0	1664	1767	221	118	3.61e-21	104
PGEN_.00g329050::Scaffold_17:5042145-5089921	JO105582.1	81.657	169	27	4	47610	47776	215	49	4.18e-30	137
PGEN_.00g329110::Scaffold_17:5391425-5569108	JO115860.1	86.722	241	30	2	10394	10633	115	354	1.90e-68	267
PGEN_.00g329120::Scaffold_17:5571172-5673606	JO110748.1	85.217	115	17	0	76883	76997	395	509	3.24e-24	119
PGEN_.00g329600::Scaffold_17:6966362-7000623	JO122286.1	83.544	158	20	2	3059	3216	190	341	6.44e-32	143
PGEN_.00g330310::Scaffold_17:8824751-8930362	JO114935.1	83.688	282	46	0	80217	80498	2842	3123	1.13e-68	267
PGEN_.00g330380::Scaffold_17:9212764-9363283	JO103359.1	79.522	293	60	0	3796	4088	1075	783	2.74e-51	209
PGEN_.00g330680::Scaffold_17:10272256-10344090	JO101283.1	85.366	164	24	0	3348	3511	17	180	6.19e-40	171
PGEN_.00g331300::Scaffold_17:12130024-12188092	JO122562.1	92.857	98	7	0	3418	3515	150	53	1.09e-31	143
PGEN_.00g331890::Scaffold_17:13974551-13990834	JO106559.1	83.099	213	33	2	1828	2040	516	307	1.08e-46	191
PGEN_.00g331930::Scaffold_17:14138294-14150038	JO103033.1	85.841	113	9	6	11209	11319	448	555	1.73e-23	113
PGEN_.00g332020::Scaffold_17:14390404-14400895	JO103033.1	86.486	111	12	2	405	515	555	448	3.33e-25	119
PGEN_.00g334740::Scaffold_17:23058405-23132765	JO120907.1	84.076	157	25	0	3183	3339	74	230	2.32e-34	152
PGEN_.00g336120::Scaffold_17:26970306-27024629	JO118245.1	91.262	103	9	0	15628	15730	659	557	3.67e-31	141
PGEN_.00g336700::Scaffold_17:28576031-28678769	JO112749.1	86.364	132	18	0	36341	36472	68	199	5.36e-32	145
PGEN_.00g337940::Scaffold_17:31783684-31802918	AM873085.1	80.247	162	24	8	14878	15034	608	450	7.89e-24	115
PGEN_.00g338640::Scaffold_17:33213032-33233895	JO102064.1	85.135	148	20	2	5539	5685	389	535	2.35e-34	150
PGEN_.00g339830::Scaffold_18:2378072-2388007	JO107901.1	86.029	136	18	1	6774	6909	987	853	5.20e-33	145
PGEN_.00g340820::Scaffold_18:5020651-5031574	JO122539.1	86.207	116	14	2	2997	3111	212	326	7.44e-27	124
PGEN_.00g344210::Scaffold_18:13442235-13466553	JO105648.1	84.127	189	30	0	17201	17389	1784	1972	2.70e-44	183
PGEN_.00g344230::Scaffold_18:13467587-13544513	JO116505.1	77.888	303	63	4	56568	56868	3658	3358	2.37e-44	185
PGEN_.00g345930::Scaffold_18:17909363-17913733	JG392140.1	81.776	867	154	4	3249	4113	865	1	0.0	723
PGEN_.00g346720::Scaffold_18:19831355-19837537	GAEH01000172.1	86.957	115	15	0	4547	4661	243	357	9.04e-29	130
